#
# ogrimmar.mtl
#

newmtl Dungeons\Textures\Walls\Mm_Ogrmr_Wall_01
Kd 0.750000 0.750000 0.750000
Ka 0.250000 0.250000 0.250000
Ks 0.000000 0.000000 0.000000
Ns 0.000000
map_Kd Mm_Ogrmr_Wall_01.tga

newmtl Dungeons\Textures\Walls\Mm_Ogrmr_Wall_02
Kd 0.750000 0.750000 0.750000
Ka 0.250000 0.250000 0.250000
Ks 0.000000 0.000000 0.000000
Ns 0.000000
map_Kd Mm_Ogrmr_Wall_02.tga

newmtl Dungeons\Textures\Walls\Mm_Ogrmr_Wall_03
Kd 0.750000 0.750000 0.750000
Ka 0.250000 0.250000 0.250000
Ks 0.000000 0.000000 0.000000
Ns 0.000000
map_Kd Mm_Ogrmr_Wall_03.tga

newmtl Dungeons\Textures\Roof\Mm_Ogrmr_Roof_01
Kd 0.750000 0.750000 0.750000
Ka 0.250000 0.250000 0.250000
Ks 0.000000 0.000000 0.000000
Ns 0.000000
map_Kd Mm_Ogrmr_Roof_01.tga

newmtl Dungeons\Textures\Roof\Mm_Ogrmr_Roof_03
Kd 0.750000 0.750000 0.750000
Ka 0.250000 0.250000 0.250000
Ks 0.000000 0.000000 0.000000
Ns 0.000000
map_Kd Mm_Ogrmr_Roof_03.tga

newmtl Dungeons\Textures\Trim\Mm_Ogrmr_Trim_01
Kd 0.750000 0.750000 0.750000
Ka 0.250000 0.250000 0.250000
Ks 0.000000 0.000000 0.000000
Ns 0.000000
map_Kd Mm_Ogrmr_Trim_01.tga

newmtl Dungeons\Textures\Trim\Mm_Ogrmr_Trim_02
Kd 0.750000 0.750000 0.750000
Ka 0.250000 0.250000 0.250000
Ks 0.000000 0.000000 0.000000
Ns 0.000000
map_Kd Mm_Ogrmr_Trim_02.tga

newmtl Dungeons\Textures\Floor\Mm_Ogrmr_Floor_01
Kd 0.750000 0.750000 0.750000
Ka 0.250000 0.250000 0.250000
Ks 0.000000 0.000000 0.000000
Ns 0.000000
map_Kd Mm_Ogrmr_Floor_01.tga

newmtl Dungeons\Textures\Trim\Mm_Ogrmr_Int_Trim_02
Kd 0.750000 0.750000 0.750000
Ka 0.250000 0.250000 0.250000
Ks 0.000000 0.000000 0.000000
Ns 0.000000
map_Kd Mm_Ogrmr_Int_Trim_02.tga

newmtl Dungeons\Textures\Rock\Mm_Ogrmr_Rock_01
Kd 0.750000 0.750000 0.750000
Ka 0.250000 0.250000 0.250000
Ks 0.000000 0.000000 0.000000
Ns 0.000000
map_Kd Mm_Ogrmr_Rock_01.tga

newmtl Dungeons\Textures\Rock\Mm_Ogrmr_Rock_02
Kd 0.750000 0.750000 0.750000
Ka 0.250000 0.250000 0.250000
Ks 0.000000 0.000000 0.000000
Ns 0.000000
map_Kd Mm_Ogrmr_Rock_02.tga

newmtl Dungeons\Textures\Floor\Mm_Ogrmr_Ground_01
Kd 0.750000 0.750000 0.750000
Ka 0.250000 0.250000 0.250000
Ks 0.000000 0.000000 0.000000
Ns 0.000000
map_Kd Mm_Ogrmr_Ground_01.tga

newmtl Dungeons\Textures\Floor\Mm_Ogrmr_Road_01
Kd 0.750000 0.750000 0.750000
Ka 0.250000 0.250000 0.250000
Ks 0.000000 0.000000 0.000000
Ns 0.000000
map_Kd Mm_Ogrmr_Road_01.tga

newmtl Dungeons\Textures\Trim\Mm_Ogrmr_Road_Trim_01
Kd 0.750000 0.750000 0.750000
Ka 0.250000 0.250000 0.250000
Ks 0.000000 0.000000 0.000000
Ns 0.000000
map_Kd Mm_Ogrmr_Road_Trim_01.tga

newmtl Dungeons\Textures\Roof\Mm_Ogrmr_Rooftrim_01
Kd 0.750000 0.750000 0.750000
Ka 0.250000 0.250000 0.250000
Ks 0.000000 0.000000 0.000000
Ns 0.000000
map_Kd Mm_Ogrmr_Rooftrim_01.tga

newmtl Dungeons\Textures\Decoration\Bearskinrug01
Kd 0.750000 0.750000 0.750000
Ka 0.250000 0.250000 0.250000
Ks 0.000000 0.000000 0.000000
Ns 0.000000
map_Kd Bearskinrug01.tga

newmtl World\Nodxt\Detail\Durotardetaildoodad_256
Kd 0.750000 0.750000 0.750000
Ka 0.250000 0.250000 0.250000
Ks 0.000000 0.000000 0.000000
Ns 0.000000
map_Kd Durotardetaildoodad_256.tga

newmtl Dungeons\Textures\Walls\Mm_Ogrmr_Wall_01
Kd 0.750000 0.750000 0.750000
Ka 0.250000 0.250000 0.250000
Ks 0.000000 0.000000 0.000000
Ns 0.000000
map_Kd Mm_Ogrmr_Wall_01.tga

newmtl Dungeons\Textures\Walls\Mm_Ogrmr_Wall_02
Kd 0.750000 0.750000 0.750000
Ka 0.250000 0.250000 0.250000
Ks 0.000000 0.000000 0.000000
Ns 0.000000
map_Kd Mm_Ogrmr_Wall_02.tga

newmtl Dungeons\Textures\Walls\Mm_Ogrmr_Wall_03
Kd 0.750000 0.750000 0.750000
Ka 0.250000 0.250000 0.250000
Ks 0.000000 0.000000 0.000000
Ns 0.000000
map_Kd Mm_Ogrmr_Wall_03.tga

newmtl Dungeons\Textures\Roof\Mm_Ogrmr_Roof_01
Kd 0.750000 0.750000 0.750000
Ka 0.250000 0.250000 0.250000
Ks 0.000000 0.000000 0.000000
Ns 0.000000
map_Kd Mm_Ogrmr_Roof_01.tga

newmtl Dungeons\Textures\Roof\Mm_Ogrmr_Roof_02
Kd 0.750000 0.750000 0.750000
Ka 0.250000 0.250000 0.250000
Ks 0.000000 0.000000 0.000000
Ns 0.000000
map_Kd Mm_Ogrmr_Roof_02.tga

newmtl Dungeons\Textures\Roof\Mm_Ogrmr_Roof_03
Kd 0.750000 0.750000 0.750000
Ka 0.250000 0.250000 0.250000
Ks 0.000000 0.000000 0.000000
Ns 0.000000
map_Kd Mm_Ogrmr_Roof_03.tga

newmtl Dungeons\Textures\Trim\Mm_Ogrmr_Trim_01
Kd 0.750000 0.750000 0.750000
Ka 0.250000 0.250000 0.250000
Ks 0.000000 0.000000 0.000000
Ns 0.000000
map_Kd Mm_Ogrmr_Trim_01.tga

newmtl Dungeons\Textures\Trim\Mm_Ogrmr_Trim_02
Kd 0.750000 0.750000 0.750000
Ka 0.250000 0.250000 0.250000
Ks 0.000000 0.000000 0.000000
Ns 0.000000
map_Kd Mm_Ogrmr_Trim_02.tga

newmtl Dungeons\Textures\Floor\Mm_Ogrmr_Floor_01
Kd 0.750000 0.750000 0.750000
Ka 0.250000 0.250000 0.250000
Ks 0.000000 0.000000 0.000000
Ns 0.000000
map_Kd Mm_Ogrmr_Floor_01.tga

newmtl Dungeons\Textures\Floor\Mm_Ogrmr_Floor_02
Kd 0.750000 0.750000 0.750000
Ka 0.250000 0.250000 0.250000
Ks 0.000000 0.000000 0.000000
Ns 0.000000
map_Kd Mm_Ogrmr_Floor_02.tga

newmtl Dungeons\Textures\Rock\Mm_Ogrmr_Rock_01
Kd 0.750000 0.750000 0.750000
Ka 0.250000 0.250000 0.250000
Ks 0.000000 0.000000 0.000000
Ns 0.000000
map_Kd Mm_Ogrmr_Rock_01.tga

newmtl Dungeons\Textures\Rock\Mm_Ogrmr_Rock_02
Kd 0.750000 0.750000 0.750000
Ka 0.250000 0.250000 0.250000
Ks 0.000000 0.000000 0.000000
Ns 0.000000
map_Kd Mm_Ogrmr_Rock_02.tga

newmtl Dungeons\Textures\Floor\Mm_Ogrmr_Ground_01
Kd 0.750000 0.750000 0.750000
Ka 0.250000 0.250000 0.250000
Ks 0.000000 0.000000 0.000000
Ns 0.000000
map_Kd Mm_Ogrmr_Ground_01.tga

newmtl Dungeons\Textures\Floor\Mm_Ogrmr_Road_01
Kd 0.750000 0.750000 0.750000
Ka 0.250000 0.250000 0.250000
Ks 0.000000 0.000000 0.000000
Ns 0.000000
map_Kd Mm_Ogrmr_Road_01.tga

newmtl Dungeons\Textures\Trim\Mm_Ogrmr_Road_Trim_01
Kd 0.750000 0.750000 0.750000
Ka 0.250000 0.250000 0.250000
Ks 0.000000 0.000000 0.000000
Ns 0.000000
map_Kd Mm_Ogrmr_Road_Trim_01.tga

newmtl Dungeons\Textures\Roof\Mm_Ogrmr_Rooftrim_01
Kd 0.750000 0.750000 0.750000
Ka 0.250000 0.250000 0.250000
Ks 0.000000 0.000000 0.000000
Ns 0.000000
map_Kd Mm_Ogrmr_Rooftrim_01.tga

newmtl Dungeons\Textures\Walls\Mm_Ogrmr_Wall_Brks_01
Kd 0.750000 0.750000 0.750000
Ka 0.250000 0.250000 0.250000
Ks 0.000000 0.000000 0.000000
Ns 0.000000
map_Kd Mm_Ogrmr_Wall_Brks_01.tga

newmtl Dungeons\Textures\Decoration\Bearskinrug01
Kd 0.750000 0.750000 0.750000
Ka 0.250000 0.250000 0.250000
Ks 0.000000 0.000000 0.000000
Ns 0.000000
map_Kd Bearskinrug01.tga

newmtl World\Nodxt\Detail\Durotardetaildoodad_256
Kd 0.750000 0.750000 0.750000
Ka 0.250000 0.250000 0.250000
Ks 0.000000 0.000000 0.000000
Ns 0.000000
map_Kd Durotardetaildoodad_256.tga

newmtl Dungeons\Textures\Windows\Mm_Ogrmr_Window_01
Kd 0.750000 0.750000 0.750000
Ka 0.250000 0.250000 0.250000
Ks 0.000000 0.000000 0.000000
Ns 0.000000
map_Kd Mm_Ogrmr_Window_01.tga

newmtl Dungeons\Textures\Walls\Mm_Ogrmr_Wall_01
Kd 0.750000 0.750000 0.750000
Ka 0.250000 0.250000 0.250000
Ks 0.000000 0.000000 0.000000
Ns 0.000000
map_Kd Mm_Ogrmr_Wall_01.tga

newmtl Dungeons\Textures\Walls\Mm_Ogrmr_Wall_02
Kd 0.750000 0.750000 0.750000
Ka 0.250000 0.250000 0.250000
Ks 0.000000 0.000000 0.000000
Ns 0.000000
map_Kd Mm_Ogrmr_Wall_02.tga

newmtl Dungeons\Textures\Walls\Mm_Ogrmr_Wall_03
Kd 0.750000 0.750000 0.750000
Ka 0.250000 0.250000 0.250000
Ks 0.000000 0.000000 0.000000
Ns 0.000000
map_Kd Mm_Ogrmr_Wall_03.tga

newmtl Dungeons\Textures\Roof\Mm_Ogrmr_Roof_01
Kd 0.750000 0.750000 0.750000
Ka 0.250000 0.250000 0.250000
Ks 0.000000 0.000000 0.000000
Ns 0.000000
map_Kd Mm_Ogrmr_Roof_01.tga

newmtl Dungeons\Textures\Roof\Mm_Ogrmr_Roof_02
Kd 0.750000 0.750000 0.750000
Ka 0.250000 0.250000 0.250000
Ks 0.000000 0.000000 0.000000
Ns 0.000000
map_Kd Mm_Ogrmr_Roof_02.tga

newmtl Dungeons\Textures\Roof\Mm_Ogrmr_Roof_03
Kd 0.750000 0.750000 0.750000
Ka 0.250000 0.250000 0.250000
Ks 0.000000 0.000000 0.000000
Ns 0.000000
map_Kd Mm_Ogrmr_Roof_03.tga

newmtl Dungeons\Textures\Trim\Mm_Ogrmr_Trim_01
Kd 0.750000 0.750000 0.750000
Ka 0.250000 0.250000 0.250000
Ks 0.000000 0.000000 0.000000
Ns 0.000000
map_Kd Mm_Ogrmr_Trim_01.tga

newmtl Dungeons\Textures\Trim\Mm_Ogrmr_Trim_02
Kd 0.750000 0.750000 0.750000
Ka 0.250000 0.250000 0.250000
Ks 0.000000 0.000000 0.000000
Ns 0.000000
map_Kd Mm_Ogrmr_Trim_02.tga

newmtl Dungeons\Textures\Windows\Mm_Ogrmr_Window_01
Kd 0.750000 0.750000 0.750000
Ka 0.250000 0.250000 0.250000
Ks 0.000000 0.000000 0.000000
Ns 0.000000
map_Kd Mm_Ogrmr_Window_01.tga

newmtl Dungeons\Textures\Devices\Mm_Rope_01
Kd 0.750000 0.750000 0.750000
Ka 0.250000 0.250000 0.250000
Ks 0.000000 0.000000 0.000000
Ns 0.000000
map_Kd Mm_Rope_01.tga

newmtl Dungeons\Textures\Floor\Mm_Ogrmr_Floor_01
Kd 0.750000 0.750000 0.750000
Ka 0.250000 0.250000 0.250000
Ks 0.000000 0.000000 0.000000
Ns 0.000000
map_Kd Mm_Ogrmr_Floor_01.tga

newmtl Dungeons\Textures\Trim\Mm_Ogrmr_Int_Trim_01
Kd 0.750000 0.750000 0.750000
Ka 0.250000 0.250000 0.250000
Ks 0.000000 0.000000 0.000000
Ns 0.000000
map_Kd Mm_Ogrmr_Int_Trim_01.tga

newmtl Dungeons\Textures\Rock\Mm_Ogrmr_Rock_01
Kd 0.750000 0.750000 0.750000
Ka 0.250000 0.250000 0.250000
Ks 0.000000 0.000000 0.000000
Ns 0.000000
map_Kd Mm_Ogrmr_Rock_01.tga

newmtl Dungeons\Textures\Rock\Mm_Ogrmr_Rock_02
Kd 0.750000 0.750000 0.750000
Ka 0.250000 0.250000 0.250000
Ks 0.000000 0.000000 0.000000
Ns 0.000000
map_Kd Mm_Ogrmr_Rock_02.tga

newmtl Dungeons\Textures\Floor\Mm_Ogrmr_Ground_01
Kd 0.750000 0.750000 0.750000
Ka 0.250000 0.250000 0.250000
Ks 0.000000 0.000000 0.000000
Ns 0.000000
map_Kd Mm_Ogrmr_Ground_01.tga

newmtl Dungeons\Textures\Floor\Mm_Ogrmr_Road_01
Kd 0.750000 0.750000 0.750000
Ka 0.250000 0.250000 0.250000
Ks 0.000000 0.000000 0.000000
Ns 0.000000
map_Kd Mm_Ogrmr_Road_01.tga

newmtl Dungeons\Textures\Trim\Mm_Ogrmr_Road_Trim_01
Kd 0.750000 0.750000 0.750000
Ka 0.250000 0.250000 0.250000
Ks 0.000000 0.000000 0.000000
Ns 0.000000
map_Kd Mm_Ogrmr_Road_Trim_01.tga

newmtl Dungeons\Textures\Roof\Mm_Ogrmr_Rooftrim_01
Kd 0.750000 0.750000 0.750000
Ka 0.250000 0.250000 0.250000
Ks 0.000000 0.000000 0.000000
Ns 0.000000
map_Kd Mm_Ogrmr_Rooftrim_01.tga

newmtl Dungeons\Textures\Windows\Mm_Ogrmr_Window_01
Kd 0.750000 0.750000 0.750000
Ka 0.250000 0.250000 0.250000
Ks 0.000000 0.000000 0.000000
Ns 0.000000
map_Kd Mm_Ogrmr_Window_01.tga

newmtl Dungeons\Textures\Decoration\Ogrimmarbanners01
Kd 0.750000 0.750000 0.750000
Ka 0.250000 0.250000 0.250000
Ks 0.000000 0.000000 0.000000
Ns 0.000000
map_Kd Ogrimmarbanners01.tga

newmtl Dungeons\Textures\Decoration\Bearskinrug01
Kd 0.750000 0.750000 0.750000
Ka 0.250000 0.250000 0.250000
Ks 0.000000 0.000000 0.000000
Ns 0.000000
map_Kd Bearskinrug01.tga

newmtl World\Nodxt\Detail\Durotardetaildoodad_256
Kd 0.750000 0.750000 0.750000
Ka 0.250000 0.250000 0.250000
Ks 0.000000 0.000000 0.000000
Ns 0.000000
map_Kd Durotardetaildoodad_256.tga

newmtl Dungeons\Textures\Walls\Mm_Ogrmr_Wall_01
Kd 0.750000 0.750000 0.750000
Ka 0.250000 0.250000 0.250000
Ks 0.000000 0.000000 0.000000
Ns 0.000000
map_Kd Mm_Ogrmr_Wall_01.tga

newmtl Dungeons\Textures\Walls\Mm_Ogrmr_Wall_02
Kd 0.750000 0.750000 0.750000
Ka 0.250000 0.250000 0.250000
Ks 0.000000 0.000000 0.000000
Ns 0.000000
map_Kd Mm_Ogrmr_Wall_02.tga

newmtl Dungeons\Textures\Roof\Mm_Ogrmr_Roof_03
Kd 0.750000 0.750000 0.750000
Ka 0.250000 0.250000 0.250000
Ks 0.000000 0.000000 0.000000
Ns 0.000000
map_Kd Mm_Ogrmr_Roof_03.tga

newmtl Dungeons\Textures\Trim\Mm_Ogrmr_Trim_01
Kd 0.750000 0.750000 0.750000
Ka 0.250000 0.250000 0.250000
Ks 0.000000 0.000000 0.000000
Ns 0.000000
map_Kd Mm_Ogrmr_Trim_01.tga

newmtl Dungeons\Textures\Trim\Mm_Ogrmr_Trim_02
Kd 0.750000 0.750000 0.750000
Ka 0.250000 0.250000 0.250000
Ks 0.000000 0.000000 0.000000
Ns 0.000000
map_Kd Mm_Ogrmr_Trim_02.tga

newmtl Dungeons\Textures\Floor\Mm_Ogrmr_Floor_01
Kd 0.750000 0.750000 0.750000
Ka 0.250000 0.250000 0.250000
Ks 0.000000 0.000000 0.000000
Ns 0.000000
map_Kd Mm_Ogrmr_Floor_01.tga

newmtl Dungeons\Textures\Trim\Mm_Ogrmr_Int_Trim_01
Kd 0.750000 0.750000 0.750000
Ka 0.250000 0.250000 0.250000
Ks 0.000000 0.000000 0.000000
Ns 0.000000
map_Kd Mm_Ogrmr_Int_Trim_01.tga

newmtl Dungeons\Textures\Rock\Mm_Ogrmr_Rock_01
Kd 0.750000 0.750000 0.750000
Ka 0.250000 0.250000 0.250000
Ks 0.000000 0.000000 0.000000
Ns 0.000000
map_Kd Mm_Ogrmr_Rock_01.tga

newmtl Dungeons\Textures\Rock\Mm_Ogrmr_Rock_02
Kd 0.750000 0.750000 0.750000
Ka 0.250000 0.250000 0.250000
Ks 0.000000 0.000000 0.000000
Ns 0.000000
map_Kd Mm_Ogrmr_Rock_02.tga

newmtl Dungeons\Textures\Floor\Mm_Ogrmr_Ground_01
Kd 0.750000 0.750000 0.750000
Ka 0.250000 0.250000 0.250000
Ks 0.000000 0.000000 0.000000
Ns 0.000000
map_Kd Mm_Ogrmr_Ground_01.tga

newmtl Dungeons\Textures\Floor\Mm_Ogrmr_Road_01
Kd 0.750000 0.750000 0.750000
Ka 0.250000 0.250000 0.250000
Ks 0.000000 0.000000 0.000000
Ns 0.000000
map_Kd Mm_Ogrmr_Road_01.tga

newmtl Dungeons\Textures\Trim\Mm_Ogrmr_Road_Trim_01
Kd 0.750000 0.750000 0.750000
Ka 0.250000 0.250000 0.250000
Ks 0.000000 0.000000 0.000000
Ns 0.000000
map_Kd Mm_Ogrmr_Road_Trim_01.tga

newmtl Dungeons\Textures\Decoration\Ogrimmarbanners01
Kd 0.750000 0.750000 0.750000
Ka 0.250000 0.250000 0.250000
Ks 0.000000 0.000000 0.000000
Ns 0.000000
map_Kd Ogrimmarbanners01.tga

newmtl Dungeons\Textures\Decoration\Bearskinrug01
Kd 0.750000 0.750000 0.750000
Ka 0.250000 0.250000 0.250000
Ks 0.000000 0.000000 0.000000
Ns 0.000000
map_Kd Bearskinrug01.tga

newmtl Dungeons\Textures\Walls\Mm_Ogrmr_Wall_01
Kd 0.750000 0.750000 0.750000
Ka 0.250000 0.250000 0.250000
Ks 0.000000 0.000000 0.000000
Ns 0.000000
map_Kd Mm_Ogrmr_Wall_01.tga

newmtl Dungeons\Textures\Floor\Mm_Ogrmr_Floor_01
Kd 0.750000 0.750000 0.750000
Ka 0.250000 0.250000 0.250000
Ks 0.000000 0.000000 0.000000
Ns 0.000000
map_Kd Mm_Ogrmr_Floor_01.tga

newmtl Dungeons\Textures\Walls\Mm_Ogrmr_Int_Wall_03
Kd 0.750000 0.750000 0.750000
Ka 0.250000 0.250000 0.250000
Ks 0.000000 0.000000 0.000000
Ns 0.000000
map_Kd Mm_Ogrmr_Int_Wall_03.tga

newmtl Dungeons\Textures\Walls\Mm_Ogrmr_Wall_01
Kd 0.750000 0.750000 0.750000
Ka 0.250000 0.250000 0.250000
Ks 0.000000 0.000000 0.000000
Ns 0.000000
map_Kd Mm_Ogrmr_Wall_01.tga

newmtl Dungeons\Textures\Floor\Mm_Ogrmr_Floor_01
Kd 0.750000 0.750000 0.750000
Ka 0.250000 0.250000 0.250000
Ks 0.000000 0.000000 0.000000
Ns 0.000000
map_Kd Mm_Ogrmr_Floor_01.tga

newmtl Dungeons\Textures\Walls\Mm_Ogrmr_Int_Wall_03
Kd 0.750000 0.750000 0.750000
Ka 0.250000 0.250000 0.250000
Ks 0.000000 0.000000 0.000000
Ns 0.000000
map_Kd Mm_Ogrmr_Int_Wall_03.tga

newmtl Dungeons\Textures\Roof\Mm_Ogrmr_Roof_02
Kd 0.750000 0.750000 0.750000
Ka 0.250000 0.250000 0.250000
Ks 0.000000 0.000000 0.000000
Ns 0.000000
map_Kd Mm_Ogrmr_Roof_02.tga

newmtl Dungeons\Textures\Trim\Mm_Ogrmr_Trim_01
Kd 0.750000 0.750000 0.750000
Ka 0.250000 0.250000 0.250000
Ks 0.000000 0.000000 0.000000
Ns 0.000000
map_Kd Mm_Ogrmr_Trim_01.tga

newmtl Dungeons\Textures\Walls\Mm_Ogrmr_Wall_01
Kd 0.750000 0.750000 0.750000
Ka 0.250000 0.250000 0.250000
Ks 0.000000 0.000000 0.000000
Ns 0.000000
map_Kd Mm_Ogrmr_Wall_01.tga

newmtl Dungeons\Textures\Walls\Mm_Ogrmr_Wall_03
Kd 0.750000 0.750000 0.750000
Ka 0.250000 0.250000 0.250000
Ks 0.000000 0.000000 0.000000
Ns 0.000000
map_Kd Mm_Ogrmr_Wall_03.tga

newmtl Dungeons\Textures\Roof\Mm_Ogrmr_Roof_01
Kd 0.750000 0.750000 0.750000
Ka 0.250000 0.250000 0.250000
Ks 0.000000 0.000000 0.000000
Ns 0.000000
map_Kd Mm_Ogrmr_Roof_01.tga

newmtl Dungeons\Textures\Roof\Mm_Ogrmr_Roof_03
Kd 0.750000 0.750000 0.750000
Ka 0.250000 0.250000 0.250000
Ks 0.000000 0.000000 0.000000
Ns 0.000000
map_Kd Mm_Ogrmr_Roof_03.tga

newmtl Dungeons\Textures\Trim\Mm_Ogrmr_Trim_01
Kd 0.750000 0.750000 0.750000
Ka 0.250000 0.250000 0.250000
Ks 0.000000 0.000000 0.000000
Ns 0.000000
map_Kd Mm_Ogrmr_Trim_01.tga

newmtl Dungeons\Textures\Trim\Mm_Ogrmr_Trim_02
Kd 0.750000 0.750000 0.750000
Ka 0.250000 0.250000 0.250000
Ks 0.000000 0.000000 0.000000
Ns 0.000000
map_Kd Mm_Ogrmr_Trim_02.tga

newmtl Dungeons\Textures\Devices\Mm_Rope_01
Kd 0.750000 0.750000 0.750000
Ka 0.250000 0.250000 0.250000
Ks 0.000000 0.000000 0.000000
Ns 0.000000
map_Kd Mm_Rope_01.tga

newmtl Dungeons\Textures\Floor\Mm_Ogrmr_Floor_01
Kd 0.750000 0.750000 0.750000
Ka 0.250000 0.250000 0.250000
Ks 0.000000 0.000000 0.000000
Ns 0.000000
map_Kd Mm_Ogrmr_Floor_01.tga

newmtl Dungeons\Textures\Roof\Mm_Ogrmr_Rooftrim_01
Kd 0.750000 0.750000 0.750000
Ka 0.250000 0.250000 0.250000
Ks 0.000000 0.000000 0.000000
Ns 0.000000
map_Kd Mm_Ogrmr_Rooftrim_01.tga

newmtl Dungeons\Textures\Windows\Mm_Ogrmr_Window_01
Kd 0.750000 0.750000 0.750000
Ka 0.250000 0.250000 0.250000
Ks 0.000000 0.000000 0.000000
Ns 0.000000
map_Kd Mm_Ogrmr_Window_01.tga

newmtl Dungeons\Textures\Decoration\Ogrimmarbanners01
Kd 0.750000 0.750000 0.750000
Ka 0.250000 0.250000 0.250000
Ks 0.000000 0.000000 0.000000
Ns 0.000000
map_Kd Ogrimmarbanners01.tga

newmtl Dungeons\Textures\Walls\Mm_Ogrmr_Wall_01
Kd 0.750000 0.750000 0.750000
Ka 0.250000 0.250000 0.250000
Ks 0.000000 0.000000 0.000000
Ns 0.000000
map_Kd Mm_Ogrmr_Wall_01.tga

newmtl Dungeons\Textures\Walls\Mm_Ogrmr_Wall_02
Kd 0.750000 0.750000 0.750000
Ka 0.250000 0.250000 0.250000
Ks 0.000000 0.000000 0.000000
Ns 0.000000
map_Kd Mm_Ogrmr_Wall_02.tga

newmtl Dungeons\Textures\Trim\Mm_Ogrmr_Trim_01
Kd 0.750000 0.750000 0.750000
Ka 0.250000 0.250000 0.250000
Ks 0.000000 0.000000 0.000000
Ns 0.000000
map_Kd Mm_Ogrmr_Trim_01.tga

newmtl Dungeons\Textures\Floor\Mm_Ogrmr_Floor_01
Kd 0.750000 0.750000 0.750000
Ka 0.250000 0.250000 0.250000
Ks 0.000000 0.000000 0.000000
Ns 0.000000
map_Kd Mm_Ogrmr_Floor_01.tga

newmtl Dungeons\Textures\Trim\Mm_Ogrmr_Int_Trim_01
Kd 0.750000 0.750000 0.750000
Ka 0.250000 0.250000 0.250000
Ks 0.000000 0.000000 0.000000
Ns 0.000000
map_Kd Mm_Ogrmr_Int_Trim_01.tga

newmtl Dungeons\Textures\Trim\Mm_Ogrmr_Int_Trim_02
Kd 0.750000 0.750000 0.750000
Ka 0.250000 0.250000 0.250000
Ks 0.000000 0.000000 0.000000
Ns 0.000000
map_Kd Mm_Ogrmr_Int_Trim_02.tga

newmtl Dungeons\Textures\Walls\Mm_Ogrmr_Wall_01
Kd 0.750000 0.750000 0.750000
Ka 0.250000 0.250000 0.250000
Ks 0.000000 0.000000 0.000000
Ns 0.000000
map_Kd Mm_Ogrmr_Wall_01.tga

newmtl Dungeons\Textures\Walls\Mm_Ogrmr_Wall_02
Kd 0.750000 0.750000 0.750000
Ka 0.250000 0.250000 0.250000
Ks 0.000000 0.000000 0.000000
Ns 0.000000
map_Kd Mm_Ogrmr_Wall_02.tga

newmtl Dungeons\Textures\Trim\Mm_Ogrmr_Trim_01
Kd 0.750000 0.750000 0.750000
Ka 0.250000 0.250000 0.250000
Ks 0.000000 0.000000 0.000000
Ns 0.000000
map_Kd Mm_Ogrmr_Trim_01.tga

newmtl Dungeons\Textures\Trim\Mm_Ogrmr_Trim_02
Kd 0.750000 0.750000 0.750000
Ka 0.250000 0.250000 0.250000
Ks 0.000000 0.000000 0.000000
Ns 0.000000
map_Kd Mm_Ogrmr_Trim_02.tga

newmtl Dungeons\Textures\Floor\Mm_Ogrmr_Floor_01
Kd 0.750000 0.750000 0.750000
Ka 0.250000 0.250000 0.250000
Ks 0.000000 0.000000 0.000000
Ns 0.000000
map_Kd Mm_Ogrmr_Floor_01.tga

newmtl Dungeons\Textures\Trim\Mm_Ogrmr_Int_Trim_01
Kd 0.750000 0.750000 0.750000
Ka 0.250000 0.250000 0.250000
Ks 0.000000 0.000000 0.000000
Ns 0.000000
map_Kd Mm_Ogrmr_Int_Trim_01.tga

newmtl Dungeons\Textures\Trim\Mm_Ogrmr_Int_Trim_02
Kd 0.750000 0.750000 0.750000
Ka 0.250000 0.250000 0.250000
Ks 0.000000 0.000000 0.000000
Ns 0.000000
map_Kd Mm_Ogrmr_Int_Trim_02.tga

newmtl Dungeons\Textures\Walls\Mm_Ogrmr_Wall_01
Kd 0.750000 0.750000 0.750000
Ka 0.250000 0.250000 0.250000
Ks 0.000000 0.000000 0.000000
Ns 0.000000
map_Kd Mm_Ogrmr_Wall_01.tga

newmtl Dungeons\Textures\Trim\Mm_Ogrmr_Trim_01
Kd 0.750000 0.750000 0.750000
Ka 0.250000 0.250000 0.250000
Ks 0.000000 0.000000 0.000000
Ns 0.000000
map_Kd Mm_Ogrmr_Trim_01.tga

newmtl Dungeons\Textures\Floor\Mm_Ogrmr_Floor_01
Kd 0.750000 0.750000 0.750000
Ka 0.250000 0.250000 0.250000
Ks 0.000000 0.000000 0.000000
Ns 0.000000
map_Kd Mm_Ogrmr_Floor_01.tga

newmtl Dungeons\Textures\Trim\Mm_Ogrmr_Int_Trim_01
Kd 0.750000 0.750000 0.750000
Ka 0.250000 0.250000 0.250000
Ks 0.000000 0.000000 0.000000
Ns 0.000000
map_Kd Mm_Ogrmr_Int_Trim_01.tga

newmtl Dungeons\Textures\Trim\Mm_Ogrmr_Int_Trim_02
Kd 0.750000 0.750000 0.750000
Ka 0.250000 0.250000 0.250000
Ks 0.000000 0.000000 0.000000
Ns 0.000000
map_Kd Mm_Ogrmr_Int_Trim_02.tga

newmtl Dungeons\Textures\Decoration\Ogrimmarbanners01
Kd 0.750000 0.750000 0.750000
Ka 0.250000 0.250000 0.250000
Ks 0.000000 0.000000 0.000000
Ns 0.000000
map_Kd Ogrimmarbanners01.tga

newmtl Dungeons\Textures\Walls\Mm_Ogrmr_Wall_01
Kd 0.750000 0.750000 0.750000
Ka 0.250000 0.250000 0.250000
Ks 0.000000 0.000000 0.000000
Ns 0.000000
map_Kd Mm_Ogrmr_Wall_01.tga

newmtl Dungeons\Textures\Walls\Mm_Ogrmr_Wall_02
Kd 0.750000 0.750000 0.750000
Ka 0.250000 0.250000 0.250000
Ks 0.000000 0.000000 0.000000
Ns 0.000000
map_Kd Mm_Ogrmr_Wall_02.tga

newmtl Dungeons\Textures\Trim\Mm_Ogrmr_Trim_01
Kd 0.750000 0.750000 0.750000
Ka 0.250000 0.250000 0.250000
Ks 0.000000 0.000000 0.000000
Ns 0.000000
map_Kd Mm_Ogrmr_Trim_01.tga

newmtl Dungeons\Textures\Trim\Mm_Ogrmr_Trim_02
Kd 0.750000 0.750000 0.750000
Ka 0.250000 0.250000 0.250000
Ks 0.000000 0.000000 0.000000
Ns 0.000000
map_Kd Mm_Ogrmr_Trim_02.tga

newmtl Dungeons\Textures\Floor\Mm_Ogrmr_Floor_01
Kd 0.750000 0.750000 0.750000
Ka 0.250000 0.250000 0.250000
Ks 0.000000 0.000000 0.000000
Ns 0.000000
map_Kd Mm_Ogrmr_Floor_01.tga

newmtl Dungeons\Textures\Trim\Mm_Ogrmr_Int_Trim_01
Kd 0.750000 0.750000 0.750000
Ka 0.250000 0.250000 0.250000
Ks 0.000000 0.000000 0.000000
Ns 0.000000
map_Kd Mm_Ogrmr_Int_Trim_01.tga

newmtl Dungeons\Textures\Trim\Mm_Ogrmr_Int_Trim_02
Kd 0.750000 0.750000 0.750000
Ka 0.250000 0.250000 0.250000
Ks 0.000000 0.000000 0.000000
Ns 0.000000
map_Kd Mm_Ogrmr_Int_Trim_02.tga

newmtl Dungeons\Textures\Walls\Mm_Ogrmr_Wall_01
Kd 0.750000 0.750000 0.750000
Ka 0.250000 0.250000 0.250000
Ks 0.000000 0.000000 0.000000
Ns 0.000000
map_Kd Mm_Ogrmr_Wall_01.tga

newmtl Dungeons\Textures\Trim\Mm_Ogrmr_Trim_01
Kd 0.750000 0.750000 0.750000
Ka 0.250000 0.250000 0.250000
Ks 0.000000 0.000000 0.000000
Ns 0.000000
map_Kd Mm_Ogrmr_Trim_01.tga

newmtl Dungeons\Textures\Floor\Mm_Ogrmr_Floor_01
Kd 0.750000 0.750000 0.750000
Ka 0.250000 0.250000 0.250000
Ks 0.000000 0.000000 0.000000
Ns 0.000000
map_Kd Mm_Ogrmr_Floor_01.tga

newmtl Dungeons\Textures\Trim\Mm_Ogrmr_Int_Trim_01
Kd 0.750000 0.750000 0.750000
Ka 0.250000 0.250000 0.250000
Ks 0.000000 0.000000 0.000000
Ns 0.000000
map_Kd Mm_Ogrmr_Int_Trim_01.tga

newmtl Dungeons\Textures\Trim\Mm_Ogrmr_Int_Trim_02
Kd 0.750000 0.750000 0.750000
Ka 0.250000 0.250000 0.250000
Ks 0.000000 0.000000 0.000000
Ns 0.000000
map_Kd Mm_Ogrmr_Int_Trim_02.tga

newmtl Dungeons\Textures\Decoration\Ogrimmarbanners01
Kd 0.750000 0.750000 0.750000
Ka 0.250000 0.250000 0.250000
Ks 0.000000 0.000000 0.000000
Ns 0.000000
map_Kd Ogrimmarbanners01.tga

newmtl Dungeons\Textures\Walls\Mm_Ogrmr_Wall_01
Kd 0.750000 0.750000 0.750000
Ka 0.250000 0.250000 0.250000
Ks 0.000000 0.000000 0.000000
Ns 0.000000
map_Kd Mm_Ogrmr_Wall_01.tga

newmtl Dungeons\Textures\Trim\Mm_Ogrmr_Trim_01
Kd 0.750000 0.750000 0.750000
Ka 0.250000 0.250000 0.250000
Ks 0.000000 0.000000 0.000000
Ns 0.000000
map_Kd Mm_Ogrmr_Trim_01.tga

newmtl Dungeons\Textures\Floor\Mm_Ogrmr_Floor_01
Kd 0.750000 0.750000 0.750000
Ka 0.250000 0.250000 0.250000
Ks 0.000000 0.000000 0.000000
Ns 0.000000
map_Kd Mm_Ogrmr_Floor_01.tga

newmtl Dungeons\Textures\Trim\Mm_Ogrmr_Int_Trim_01
Kd 0.750000 0.750000 0.750000
Ka 0.250000 0.250000 0.250000
Ks 0.000000 0.000000 0.000000
Ns 0.000000
map_Kd Mm_Ogrmr_Int_Trim_01.tga

newmtl Dungeons\Textures\Trim\Mm_Ogrmr_Int_Trim_02
Kd 0.750000 0.750000 0.750000
Ka 0.250000 0.250000 0.250000
Ks 0.000000 0.000000 0.000000
Ns 0.000000
map_Kd Mm_Ogrmr_Int_Trim_02.tga

newmtl Dungeons\Textures\Walls\Mm_Ogrmr_Wall_01
Kd 0.750000 0.750000 0.750000
Ka 0.250000 0.250000 0.250000
Ks 0.000000 0.000000 0.000000
Ns 0.000000
map_Kd Mm_Ogrmr_Wall_01.tga

newmtl Dungeons\Textures\Walls\Mm_Ogrmr_Wall_02
Kd 0.750000 0.750000 0.750000
Ka 0.250000 0.250000 0.250000
Ks 0.000000 0.000000 0.000000
Ns 0.000000
map_Kd Mm_Ogrmr_Wall_02.tga

newmtl Dungeons\Textures\Trim\Mm_Ogrmr_Trim_01
Kd 0.750000 0.750000 0.750000
Ka 0.250000 0.250000 0.250000
Ks 0.000000 0.000000 0.000000
Ns 0.000000
map_Kd Mm_Ogrmr_Trim_01.tga

newmtl Dungeons\Textures\Trim\Mm_Ogrmr_Trim_02
Kd 0.750000 0.750000 0.750000
Ka 0.250000 0.250000 0.250000
Ks 0.000000 0.000000 0.000000
Ns 0.000000
map_Kd Mm_Ogrmr_Trim_02.tga

newmtl Dungeons\Textures\Floor\Mm_Ogrmr_Floor_01
Kd 0.750000 0.750000 0.750000
Ka 0.250000 0.250000 0.250000
Ks 0.000000 0.000000 0.000000
Ns 0.000000
map_Kd Mm_Ogrmr_Floor_01.tga

newmtl Dungeons\Textures\Trim\Mm_Ogrmr_Int_Trim_01
Kd 0.750000 0.750000 0.750000
Ka 0.250000 0.250000 0.250000
Ks 0.000000 0.000000 0.000000
Ns 0.000000
map_Kd Mm_Ogrmr_Int_Trim_01.tga

newmtl Dungeons\Textures\Trim\Mm_Ogrmr_Int_Trim_02
Kd 0.750000 0.750000 0.750000
Ka 0.250000 0.250000 0.250000
Ks 0.000000 0.000000 0.000000
Ns 0.000000
map_Kd Mm_Ogrmr_Int_Trim_02.tga

newmtl Dungeons\Textures\Walls\Mm_Ogrmr_Wall_01
Kd 0.750000 0.750000 0.750000
Ka 0.250000 0.250000 0.250000
Ks 0.000000 0.000000 0.000000
Ns 0.000000
map_Kd Mm_Ogrmr_Wall_01.tga

newmtl Dungeons\Textures\Walls\Mm_Ogrmr_Wall_02
Kd 0.750000 0.750000 0.750000
Ka 0.250000 0.250000 0.250000
Ks 0.000000 0.000000 0.000000
Ns 0.000000
map_Kd Mm_Ogrmr_Wall_02.tga

newmtl Dungeons\Textures\Walls\Mm_Ogrmr_Wall_03
Kd 0.750000 0.750000 0.750000
Ka 0.250000 0.250000 0.250000
Ks 0.000000 0.000000 0.000000
Ns 0.000000
map_Kd Mm_Ogrmr_Wall_03.tga

newmtl Dungeons\Textures\Roof\Mm_Ogrmr_Roof_01
Kd 0.750000 0.750000 0.750000
Ka 0.250000 0.250000 0.250000
Ks 0.000000 0.000000 0.000000
Ns 0.000000
map_Kd Mm_Ogrmr_Roof_01.tga

newmtl Dungeons\Textures\Roof\Mm_Ogrmr_Roof_02
Kd 0.750000 0.750000 0.750000
Ka 0.250000 0.250000 0.250000
Ks 0.000000 0.000000 0.000000
Ns 0.000000
map_Kd Mm_Ogrmr_Roof_02.tga

newmtl Dungeons\Textures\Roof\Mm_Ogrmr_Roof_03
Kd 0.750000 0.750000 0.750000
Ka 0.250000 0.250000 0.250000
Ks 0.000000 0.000000 0.000000
Ns 0.000000
map_Kd Mm_Ogrmr_Roof_03.tga

newmtl Dungeons\Textures\Trim\Mm_Ogrmr_Trim_01
Kd 0.750000 0.750000 0.750000
Ka 0.250000 0.250000 0.250000
Ks 0.000000 0.000000 0.000000
Ns 0.000000
map_Kd Mm_Ogrmr_Trim_01.tga

newmtl Dungeons\Textures\Trim\Mm_Ogrmr_Trim_02
Kd 0.750000 0.750000 0.750000
Ka 0.250000 0.250000 0.250000
Ks 0.000000 0.000000 0.000000
Ns 0.000000
map_Kd Mm_Ogrmr_Trim_02.tga

newmtl Dungeons\Textures\Floor\Mm_Ogrmr_Floor_01
Kd 0.750000 0.750000 0.750000
Ka 0.250000 0.250000 0.250000
Ks 0.000000 0.000000 0.000000
Ns 0.000000
map_Kd Mm_Ogrmr_Floor_01.tga

newmtl Dungeons\Textures\Floor\Mm_Ogrmr_Floor_02
Kd 0.750000 0.750000 0.750000
Ka 0.250000 0.250000 0.250000
Ks 0.000000 0.000000 0.000000
Ns 0.000000
map_Kd Mm_Ogrmr_Floor_02.tga

newmtl Dungeons\Textures\Rock\Mm_Ogrmr_Rock_01
Kd 0.750000 0.750000 0.750000
Ka 0.250000 0.250000 0.250000
Ks 0.000000 0.000000 0.000000
Ns 0.000000
map_Kd Mm_Ogrmr_Rock_01.tga

newmtl Dungeons\Textures\Rock\Mm_Ogrmr_Rock_02
Kd 0.750000 0.750000 0.750000
Ka 0.250000 0.250000 0.250000
Ks 0.000000 0.000000 0.000000
Ns 0.000000
map_Kd Mm_Ogrmr_Rock_02.tga

newmtl Dungeons\Textures\Floor\Mm_Ogrmr_Ground_01
Kd 0.750000 0.750000 0.750000
Ka 0.250000 0.250000 0.250000
Ks 0.000000 0.000000 0.000000
Ns 0.000000
map_Kd Mm_Ogrmr_Ground_01.tga

newmtl Dungeons\Textures\Floor\Mm_Ogrmr_Road_01
Kd 0.750000 0.750000 0.750000
Ka 0.250000 0.250000 0.250000
Ks 0.000000 0.000000 0.000000
Ns 0.000000
map_Kd Mm_Ogrmr_Road_01.tga

newmtl Dungeons\Textures\Trim\Mm_Ogrmr_Road_Trim_01
Kd 0.750000 0.750000 0.750000
Ka 0.250000 0.250000 0.250000
Ks 0.000000 0.000000 0.000000
Ns 0.000000
map_Kd Mm_Ogrmr_Road_Trim_01.tga

newmtl Dungeons\Textures\Roof\Mm_Ogrmr_Rooftrim_01
Kd 0.750000 0.750000 0.750000
Ka 0.250000 0.250000 0.250000
Ks 0.000000 0.000000 0.000000
Ns 0.000000
map_Kd Mm_Ogrmr_Rooftrim_01.tga

newmtl Dungeons\Textures\Walls\Mm_Ogrmr_Wall_Brks_01
Kd 0.750000 0.750000 0.750000
Ka 0.250000 0.250000 0.250000
Ks 0.000000 0.000000 0.000000
Ns 0.000000
map_Kd Mm_Ogrmr_Wall_Brks_01.tga

newmtl Dungeons\Textures\Decoration\Bearskinrug01
Kd 0.750000 0.750000 0.750000
Ka 0.250000 0.250000 0.250000
Ks 0.000000 0.000000 0.000000
Ns 0.000000
map_Kd Bearskinrug01.tga

newmtl World\Nodxt\Detail\Durotardetaildoodad_256
Kd 0.750000 0.750000 0.750000
Ka 0.250000 0.250000 0.250000
Ks 0.000000 0.000000 0.000000
Ns 0.000000
map_Kd Durotardetaildoodad_256.tga

newmtl Dungeons\Textures\Windows\Mm_Ogrmr_Window_01
Kd 0.750000 0.750000 0.750000
Ka 0.250000 0.250000 0.250000
Ks 0.000000 0.000000 0.000000
Ns 0.000000
map_Kd Mm_Ogrmr_Window_01.tga

newmtl Dungeons\Textures\Walls\Mm_Ogrmr_Wall_01
Kd 0.750000 0.750000 0.750000
Ka 0.250000 0.250000 0.250000
Ks 0.000000 0.000000 0.000000
Ns 0.000000
map_Kd Mm_Ogrmr_Wall_01.tga

newmtl Dungeons\Textures\Roof\Mm_Ogrmr_Roof_03
Kd 0.750000 0.750000 0.750000
Ka 0.250000 0.250000 0.250000
Ks 0.000000 0.000000 0.000000
Ns 0.000000
map_Kd Mm_Ogrmr_Roof_03.tga

newmtl Dungeons\Textures\Trim\Mm_Ogrmr_Trim_01
Kd 0.750000 0.750000 0.750000
Ka 0.250000 0.250000 0.250000
Ks 0.000000 0.000000 0.000000
Ns 0.000000
map_Kd Mm_Ogrmr_Trim_01.tga

newmtl Dungeons\Textures\Trim\Mm_Ogrmr_Trim_02
Kd 0.750000 0.750000 0.750000
Ka 0.250000 0.250000 0.250000
Ks 0.000000 0.000000 0.000000
Ns 0.000000
map_Kd Mm_Ogrmr_Trim_02.tga

newmtl Dungeons\Textures\Floor\Mm_Ogrmr_Floor_01
Kd 0.750000 0.750000 0.750000
Ka 0.250000 0.250000 0.250000
Ks 0.000000 0.000000 0.000000
Ns 0.000000
map_Kd Mm_Ogrmr_Floor_01.tga

newmtl Dungeons\Textures\Trim\Mm_Ogrmr_Int_Trim_02
Kd 0.750000 0.750000 0.750000
Ka 0.250000 0.250000 0.250000
Ks 0.000000 0.000000 0.000000
Ns 0.000000
map_Kd Mm_Ogrmr_Int_Trim_02.tga

newmtl Dungeons\Textures\Rock\Mm_Ogrmr_Rock_01
Kd 0.750000 0.750000 0.750000
Ka 0.250000 0.250000 0.250000
Ks 0.000000 0.000000 0.000000
Ns 0.000000
map_Kd Mm_Ogrmr_Rock_01.tga

newmtl Dungeons\Textures\Rock\Mm_Ogrmr_Rock_02
Kd 0.750000 0.750000 0.750000
Ka 0.250000 0.250000 0.250000
Ks 0.000000 0.000000 0.000000
Ns 0.000000
map_Kd Mm_Ogrmr_Rock_02.tga

newmtl Dungeons\Textures\Floor\Mm_Ogrmr_Ground_01
Kd 0.750000 0.750000 0.750000
Ka 0.250000 0.250000 0.250000
Ks 0.000000 0.000000 0.000000
Ns 0.000000
map_Kd Mm_Ogrmr_Ground_01.tga

newmtl Dungeons\Textures\Floor\Mm_Ogrmr_Road_01
Kd 0.750000 0.750000 0.750000
Ka 0.250000 0.250000 0.250000
Ks 0.000000 0.000000 0.000000
Ns 0.000000
map_Kd Mm_Ogrmr_Road_01.tga

newmtl Dungeons\Textures\Trim\Mm_Ogrmr_Road_Trim_01
Kd 0.750000 0.750000 0.750000
Ka 0.250000 0.250000 0.250000
Ks 0.000000 0.000000 0.000000
Ns 0.000000
map_Kd Mm_Ogrmr_Road_Trim_01.tga

newmtl Dungeons\Textures\Roof\Mm_Ogrmr_Rooftrim_01
Kd 0.750000 0.750000 0.750000
Ka 0.250000 0.250000 0.250000
Ks 0.000000 0.000000 0.000000
Ns 0.000000
map_Kd Mm_Ogrmr_Rooftrim_01.tga

newmtl Dungeons\Textures\Decoration\Bearskinrug01
Kd 0.750000 0.750000 0.750000
Ka 0.250000 0.250000 0.250000
Ks 0.000000 0.000000 0.000000
Ns 0.000000
map_Kd Bearskinrug01.tga

newmtl Dungeons\Textures\Windows\Mm_Ogrmr_Window_01
Kd 0.750000 0.750000 0.750000
Ka 0.250000 0.250000 0.250000
Ks 0.000000 0.000000 0.000000
Ns 0.000000
map_Kd Mm_Ogrmr_Window_01.tga

newmtl Dungeons\Textures\Walls\Mm_Ogrmr_Wall_01
Kd 0.750000 0.750000 0.750000
Ka 0.250000 0.250000 0.250000
Ks 0.000000 0.000000 0.000000
Ns 0.000000
map_Kd Mm_Ogrmr_Wall_01.tga

newmtl Dungeons\Textures\Walls\Mm_Ogrmr_Wall_02
Kd 0.750000 0.750000 0.750000
Ka 0.250000 0.250000 0.250000
Ks 0.000000 0.000000 0.000000
Ns 0.000000
map_Kd Mm_Ogrmr_Wall_02.tga

newmtl Dungeons\Textures\Walls\Mm_Ogrmr_Wall_03
Kd 0.750000 0.750000 0.750000
Ka 0.250000 0.250000 0.250000
Ks 0.000000 0.000000 0.000000
Ns 0.000000
map_Kd Mm_Ogrmr_Wall_03.tga

newmtl Dungeons\Textures\Roof\Mm_Ogrmr_Roof_01
Kd 0.750000 0.750000 0.750000
Ka 0.250000 0.250000 0.250000
Ks 0.000000 0.000000 0.000000
Ns 0.000000
map_Kd Mm_Ogrmr_Roof_01.tga

newmtl Dungeons\Textures\Roof\Mm_Ogrmr_Roof_02
Kd 0.750000 0.750000 0.750000
Ka 0.250000 0.250000 0.250000
Ks 0.000000 0.000000 0.000000
Ns 0.000000
map_Kd Mm_Ogrmr_Roof_02.tga

newmtl Dungeons\Textures\Roof\Mm_Ogrmr_Roof_03
Kd 0.750000 0.750000 0.750000
Ka 0.250000 0.250000 0.250000
Ks 0.000000 0.000000 0.000000
Ns 0.000000
map_Kd Mm_Ogrmr_Roof_03.tga

newmtl Dungeons\Textures\Trim\Mm_Ogrmr_Trim_01
Kd 0.750000 0.750000 0.750000
Ka 0.250000 0.250000 0.250000
Ks 0.000000 0.000000 0.000000
Ns 0.000000
map_Kd Mm_Ogrmr_Trim_01.tga

newmtl Dungeons\Textures\Trim\Mm_Ogrmr_Trim_02
Kd 0.750000 0.750000 0.750000
Ka 0.250000 0.250000 0.250000
Ks 0.000000 0.000000 0.000000
Ns 0.000000
map_Kd Mm_Ogrmr_Trim_02.tga

newmtl Dungeons\Textures\Devices\Mm_Rope_01
Kd 0.750000 0.750000 0.750000
Ka 0.250000 0.250000 0.250000
Ks 0.000000 0.000000 0.000000
Ns 0.000000
map_Kd Mm_Rope_01.tga

newmtl Dungeons\Textures\Floor\Mm_Ogrmr_Floor_01
Kd 0.750000 0.750000 0.750000
Ka 0.250000 0.250000 0.250000
Ks 0.000000 0.000000 0.000000
Ns 0.000000
map_Kd Mm_Ogrmr_Floor_01.tga

newmtl Dungeons\Textures\Floor\Mm_Ogrmr_Floor_02
Kd 0.750000 0.750000 0.750000
Ka 0.250000 0.250000 0.250000
Ks 0.000000 0.000000 0.000000
Ns 0.000000
map_Kd Mm_Ogrmr_Floor_02.tga

newmtl Dungeons\Textures\Rock\Mm_Ogrmr_Rock_01
Kd 0.750000 0.750000 0.750000
Ka 0.250000 0.250000 0.250000
Ks 0.000000 0.000000 0.000000
Ns 0.000000
map_Kd Mm_Ogrmr_Rock_01.tga

newmtl Dungeons\Textures\Rock\Mm_Ogrmr_Rock_02
Kd 0.750000 0.750000 0.750000
Ka 0.250000 0.250000 0.250000
Ks 0.000000 0.000000 0.000000
Ns 0.000000
map_Kd Mm_Ogrmr_Rock_02.tga

newmtl Dungeons\Textures\Floor\Mm_Ogrmr_Ground_01
Kd 0.750000 0.750000 0.750000
Ka 0.250000 0.250000 0.250000
Ks 0.000000 0.000000 0.000000
Ns 0.000000
map_Kd Mm_Ogrmr_Ground_01.tga

newmtl Dungeons\Textures\Floor\Mm_Ogrmr_Road_01
Kd 0.750000 0.750000 0.750000
Ka 0.250000 0.250000 0.250000
Ks 0.000000 0.000000 0.000000
Ns 0.000000
map_Kd Mm_Ogrmr_Road_01.tga

newmtl Dungeons\Textures\Trim\Mm_Ogrmr_Road_Trim_01
Kd 0.750000 0.750000 0.750000
Ka 0.250000 0.250000 0.250000
Ks 0.000000 0.000000 0.000000
Ns 0.000000
map_Kd Mm_Ogrmr_Road_Trim_01.tga

newmtl Dungeons\Textures\Roof\Mm_Ogrmr_Rooftrim_01
Kd 0.750000 0.750000 0.750000
Ka 0.250000 0.250000 0.250000
Ks 0.000000 0.000000 0.000000
Ns 0.000000
map_Kd Mm_Ogrmr_Rooftrim_01.tga

newmtl Dungeons\Textures\Decoration\Ogrimmarbanners01
Kd 0.750000 0.750000 0.750000
Ka 0.250000 0.250000 0.250000
Ks 0.000000 0.000000 0.000000
Ns 0.000000
map_Kd Ogrimmarbanners01.tga

newmtl Dungeons\Textures\Trim\Mm_Ogrmr_Int_Trim_03
Kd 0.750000 0.750000 0.750000
Ka 0.250000 0.250000 0.250000
Ks 0.000000 0.000000 0.000000
Ns 0.000000
map_Kd Mm_Ogrmr_Int_Trim_03.tga

newmtl Dungeons\Textures\Decoration\Bearskinrug01
Kd 0.750000 0.750000 0.750000
Ka 0.250000 0.250000 0.250000
Ks 0.000000 0.000000 0.000000
Ns 0.000000
map_Kd Bearskinrug01.tga

newmtl World\Nodxt\Detail\Durotardetaildoodad_256
Kd 0.750000 0.750000 0.750000
Ka 0.250000 0.250000 0.250000
Ks 0.000000 0.000000 0.000000
Ns 0.000000
map_Kd Durotardetaildoodad_256.tga

newmtl Dungeons\Textures\Windows\Mm_Ogrmr_Window_01
Kd 0.750000 0.750000 0.750000
Ka 0.250000 0.250000 0.250000
Ks 0.000000 0.000000 0.000000
Ns 0.000000
map_Kd Mm_Ogrmr_Window_01.tga

newmtl Dungeons\Textures\Walls\Mm_Ogrmr_Wall_01
Kd 0.750000 0.750000 0.750000
Ka 0.250000 0.250000 0.250000
Ks 0.000000 0.000000 0.000000
Ns 0.000000
map_Kd Mm_Ogrmr_Wall_01.tga

newmtl Dungeons\Textures\Walls\Mm_Ogrmr_Wall_02
Kd 0.750000 0.750000 0.750000
Ka 0.250000 0.250000 0.250000
Ks 0.000000 0.000000 0.000000
Ns 0.000000
map_Kd Mm_Ogrmr_Wall_02.tga

newmtl Dungeons\Textures\Roof\Mm_Ogrmr_Roof_02
Kd 0.750000 0.750000 0.750000
Ka 0.250000 0.250000 0.250000
Ks 0.000000 0.000000 0.000000
Ns 0.000000
map_Kd Mm_Ogrmr_Roof_02.tga

newmtl Dungeons\Textures\Roof\Mm_Ogrmr_Roof_03
Kd 0.750000 0.750000 0.750000
Ka 0.250000 0.250000 0.250000
Ks 0.000000 0.000000 0.000000
Ns 0.000000
map_Kd Mm_Ogrmr_Roof_03.tga

newmtl Dungeons\Textures\Trim\Mm_Ogrmr_Trim_01
Kd 0.750000 0.750000 0.750000
Ka 0.250000 0.250000 0.250000
Ks 0.000000 0.000000 0.000000
Ns 0.000000
map_Kd Mm_Ogrmr_Trim_01.tga

newmtl Dungeons\Textures\Trim\Mm_Ogrmr_Trim_02
Kd 0.750000 0.750000 0.750000
Ka 0.250000 0.250000 0.250000
Ks 0.000000 0.000000 0.000000
Ns 0.000000
map_Kd Mm_Ogrmr_Trim_02.tga

newmtl Dungeons\Textures\Windows\Mm_Ogrmr_Window_01
Kd 0.750000 0.750000 0.750000
Ka 0.250000 0.250000 0.250000
Ks 0.000000 0.000000 0.000000
Ns 0.000000
map_Kd Mm_Ogrmr_Window_01.tga

newmtl Dungeons\Textures\Devices\Mm_Rope_01
Kd 0.750000 0.750000 0.750000
Ka 0.250000 0.250000 0.250000
Ks 0.000000 0.000000 0.000000
Ns 0.000000
map_Kd Mm_Rope_01.tga

newmtl Dungeons\Textures\Floor\Mm_Ogrmr_Floor_01
Kd 0.750000 0.750000 0.750000
Ka 0.250000 0.250000 0.250000
Ks 0.000000 0.000000 0.000000
Ns 0.000000
map_Kd Mm_Ogrmr_Floor_01.tga

newmtl Dungeons\Textures\Rock\Mm_Ogrmr_Rock_01
Kd 0.750000 0.750000 0.750000
Ka 0.250000 0.250000 0.250000
Ks 0.000000 0.000000 0.000000
Ns 0.000000
map_Kd Mm_Ogrmr_Rock_01.tga

newmtl Dungeons\Textures\Rock\Mm_Ogrmr_Rock_02
Kd 0.750000 0.750000 0.750000
Ka 0.250000 0.250000 0.250000
Ks 0.000000 0.000000 0.000000
Ns 0.000000
map_Kd Mm_Ogrmr_Rock_02.tga

newmtl Dungeons\Textures\Floor\Mm_Ogrmr_Ground_01
Kd 0.750000 0.750000 0.750000
Ka 0.250000 0.250000 0.250000
Ks 0.000000 0.000000 0.000000
Ns 0.000000
map_Kd Mm_Ogrmr_Ground_01.tga

newmtl Dungeons\Textures\Floor\Mm_Ogrmr_Road_01
Kd 0.750000 0.750000 0.750000
Ka 0.250000 0.250000 0.250000
Ks 0.000000 0.000000 0.000000
Ns 0.000000
map_Kd Mm_Ogrmr_Road_01.tga

newmtl Dungeons\Textures\Trim\Mm_Ogrmr_Road_Trim_01
Kd 0.750000 0.750000 0.750000
Ka 0.250000 0.250000 0.250000
Ks 0.000000 0.000000 0.000000
Ns 0.000000
map_Kd Mm_Ogrmr_Road_Trim_01.tga

newmtl Dungeons\Textures\Roof\Mm_Ogrmr_Rooftrim_01
Kd 0.750000 0.750000 0.750000
Ka 0.250000 0.250000 0.250000
Ks 0.000000 0.000000 0.000000
Ns 0.000000
map_Kd Mm_Ogrmr_Rooftrim_01.tga

newmtl Dungeons\Textures\Decoration\Bearskinrug01
Kd 0.750000 0.750000 0.750000
Ka 0.250000 0.250000 0.250000
Ks 0.000000 0.000000 0.000000
Ns 0.000000
map_Kd Bearskinrug01.tga

newmtl Dungeons\Textures\Walls\Mm_Ogrmr_Wall_01
Kd 0.750000 0.750000 0.750000
Ka 0.250000 0.250000 0.250000
Ks 0.000000 0.000000 0.000000
Ns 0.000000
map_Kd Mm_Ogrmr_Wall_01.tga

newmtl Dungeons\Textures\Roof\Mm_Ogrmr_Roof_03
Kd 0.750000 0.750000 0.750000
Ka 0.250000 0.250000 0.250000
Ks 0.000000 0.000000 0.000000
Ns 0.000000
map_Kd Mm_Ogrmr_Roof_03.tga

newmtl Dungeons\Textures\Trim\Mm_Ogrmr_Trim_01
Kd 0.750000 0.750000 0.750000
Ka 0.250000 0.250000 0.250000
Ks 0.000000 0.000000 0.000000
Ns 0.000000
map_Kd Mm_Ogrmr_Trim_01.tga

newmtl Dungeons\Textures\Trim\Mm_Ogrmr_Trim_02
Kd 0.750000 0.750000 0.750000
Ka 0.250000 0.250000 0.250000
Ks 0.000000 0.000000 0.000000
Ns 0.000000
map_Kd Mm_Ogrmr_Trim_02.tga

newmtl Dungeons\Textures\Windows\Mm_Ogrmr_Window_01
Kd 0.750000 0.750000 0.750000
Ka 0.250000 0.250000 0.250000
Ks 0.000000 0.000000 0.000000
Ns 0.000000
map_Kd Mm_Ogrmr_Window_01.tga

newmtl Dungeons\Textures\Floor\Mm_Ogrmr_Floor_01
Kd 0.750000 0.750000 0.750000
Ka 0.250000 0.250000 0.250000
Ks 0.000000 0.000000 0.000000
Ns 0.000000
map_Kd Mm_Ogrmr_Floor_01.tga

newmtl Dungeons\Textures\Rock\Mm_Ogrmr_Rock_01
Kd 0.750000 0.750000 0.750000
Ka 0.250000 0.250000 0.250000
Ks 0.000000 0.000000 0.000000
Ns 0.000000
map_Kd Mm_Ogrmr_Rock_01.tga

newmtl Dungeons\Textures\Rock\Mm_Ogrmr_Rock_02
Kd 0.750000 0.750000 0.750000
Ka 0.250000 0.250000 0.250000
Ks 0.000000 0.000000 0.000000
Ns 0.000000
map_Kd Mm_Ogrmr_Rock_02.tga

newmtl Dungeons\Textures\Floor\Mm_Ogrmr_Ground_01
Kd 0.750000 0.750000 0.750000
Ka 0.250000 0.250000 0.250000
Ks 0.000000 0.000000 0.000000
Ns 0.000000
map_Kd Mm_Ogrmr_Ground_01.tga

newmtl Dungeons\Textures\Floor\Mm_Ogrmr_Road_01
Kd 0.750000 0.750000 0.750000
Ka 0.250000 0.250000 0.250000
Ks 0.000000 0.000000 0.000000
Ns 0.000000
map_Kd Mm_Ogrmr_Road_01.tga

newmtl Dungeons\Textures\Trim\Mm_Ogrmr_Road_Trim_01
Kd 0.750000 0.750000 0.750000
Ka 0.250000 0.250000 0.250000
Ks 0.000000 0.000000 0.000000
Ns 0.000000
map_Kd Mm_Ogrmr_Road_Trim_01.tga

newmtl Dungeons\Textures\Roof\Mm_Ogrmr_Rooftrim_01
Kd 0.750000 0.750000 0.750000
Ka 0.250000 0.250000 0.250000
Ks 0.000000 0.000000 0.000000
Ns 0.000000
map_Kd Mm_Ogrmr_Rooftrim_01.tga

newmtl Dungeons\Textures\Decoration\Bearskinrug01
Kd 0.750000 0.750000 0.750000
Ka 0.250000 0.250000 0.250000
Ks 0.000000 0.000000 0.000000
Ns 0.000000
map_Kd Bearskinrug01.tga

