xof 0303txt 0032
template ColorRGBA {
 <35ff44e0-6c7c-11cf-8f52-0040333594a3>
 FLOAT red;
 FLOAT green;
 FLOAT blue;
 FLOAT alpha;
}

template ColorRGB {
 <d3e16e81-7835-11cf-8f52-0040333594a3>
 FLOAT red;
 FLOAT green;
 FLOAT blue;
}

template Material {
 <3d82ab4d-62da-11cf-ab39-0020af71e433>
 ColorRGBA faceColor;
 FLOAT power;
 ColorRGB specularColor;
 ColorRGB emissiveColor;
 [...]
}

template TextureFilename {
 <a42790e1-7810-11cf-8f52-0040333594a3>
 STRING filename;
}

template Frame {
 <3d82ab46-62da-11cf-ab39-0020af71e433>
 [...]
}

template Matrix4x4 {
 <f6f23f45-7686-11cf-8f52-0040333594a3>
 array FLOAT matrix[16];
}

template FrameTransformMatrix {
 <f6f23f41-7686-11cf-8f52-0040333594a3>
 Matrix4x4 frameMatrix;
}

template Vector {
 <3d82ab5e-62da-11cf-ab39-0020af71e433>
 FLOAT x;
 FLOAT y;
 FLOAT z;
}

template MeshFace {
 <3d82ab5f-62da-11cf-ab39-0020af71e433>
 DWORD nFaceVertexIndices;
 array DWORD faceVertexIndices[nFaceVertexIndices];
}

template Mesh {
 <3d82ab44-62da-11cf-ab39-0020af71e433>
 DWORD nVertices;
 array Vector vertices[nVertices];
 DWORD nFaces;
 array MeshFace faces[nFaces];
 [...]
}

template MeshMaterialList {
 <f6f23f42-7686-11cf-8f52-0040333594a3>
 DWORD nMaterials;
 DWORD nFaceIndexes;
 array DWORD faceIndexes[nFaceIndexes];
 [Material <3d82ab4d-62da-11cf-ab39-0020af71e433>]
}

template VertexElement {
 <f752461c-1e23-48f6-b9f8-8350850f336f>
 DWORD Type;
 DWORD Method;
 DWORD Usage;
 DWORD UsageIndex;
}

template DeclData {
 <bf22e553-292c-4781-9fea-62bd554bdd93>
 DWORD nElements;
 array VertexElement Elements[nElements];
 DWORD nDWords;
 array DWORD data[nDWords];
}

template XSkinMeshHeader {
 <3cf169ce-ff7c-44ab-93c0-f78f62d172e2>
 WORD nMaxSkinWeightsPerVertex;
 WORD nMaxSkinWeightsPerFace;
 WORD nBones;
}

template SkinWeights {
 <6f0d123b-bad2-4167-a0d0-80224f25fabb>
 STRING transformNodeName;
 DWORD nWeights;
 array DWORD vertexIndices[nWeights];
 array FLOAT weights[nWeights];
 Matrix4x4 matrixOffset;
}

template AnimTicksPerSecond {
 <9e415a43-7ba6-4a73-8743-b73d47e88476>
 DWORD AnimTicksPerSecond;
}

template Animation {
 <3d82ab4f-62da-11cf-ab39-0020af71e433>
 [...]
}

template AnimationSet {
 <3d82ab50-62da-11cf-ab39-0020af71e433>
 [Animation <3d82ab4f-62da-11cf-ab39-0020af71e433>]
}

template FloatKeys {
 <10dd46a9-775b-11cf-8f52-0040333594a3>
 DWORD nValues;
 array FLOAT values[nValues];
}

template TimedFloatKeys {
 <f406b180-7b3b-11cf-8f52-0040333594a3>
 DWORD time;
 FloatKeys tfkeys;
}

template AnimationKey {
 <10dd46a8-775b-11cf-8f52-0040333594a3>
 DWORD keyType;
 DWORD nKeys;
 array TimedFloatKeys keys[nKeys];
}


Material Material__46 {
 0.588000;0.588000;0.588000;1.000000;;
 10.000000;
 0.000000;0.000000;0.000000;;
 0.000000;0.000000;0.000000;;

 TextureFilename {
  "VolJin.png";
 }
}

Frame voljin_Bone_Root {
 

 FrameTransformMatrix {
  0.000000,0.000000,-0.500000,0.000000,0.000000,0.500000,0.000000,0.000000,0.500000,0.000000,0.000000,0.000000,0.000000,0.000000,0.000000,1.000000;;
 }

 Frame voljin_Bone0 {
  

  FrameTransformMatrix {
   1.000000,0.000000,0.000000,0.000000,0.000000,1.000000,0.000000,0.000000,0.000000,0.000000,1.000000,0.000000,0.000000,0.018589,0.000000,1.000000;;
  }

  Frame voljin_Bone1 {
   

   FrameTransformMatrix {
    1.000000,0.000000,0.000000,0.000000,0.000000,1.000000,0.000000,0.000000,0.000000,0.000000,1.000000,0.000000,-0.775443,4.528603,0.062321,1.000000;;
   }

   Frame voljin_Bone2_Root {
    

    FrameTransformMatrix {
     0.994773,0.099158,0.024384,0.000000,-0.097390,0.993100,-0.065331,0.000000,-0.030694,0.062615,0.997566,0.000000,-0.094823,-0.184137,0.000000,1.000000;;
    }

    Frame voljin_Bone4_SpineLow {
     

     FrameTransformMatrix {
      0.905819,0.420890,0.048401,0.000000,-0.421884,0.885644,0.194033,0.000000,0.038800,-0.196179,0.979800,0.000000,0.038141,-0.378383,-0.395667,1.000000;;
     }

     Frame voljin_Bone8 {
      

      FrameTransformMatrix {
       0.383850,-0.922811,-0.032850,0.000000,0.921634,0.385072,-0.048072,0.000000,0.057011,-0.011823,0.998304,0.000000,-0.040001,-2.436648,-0.118067,1.000000;;
      }

      Frame voljin_Bone14 {
       

       FrameTransformMatrix {
        0.831804,0.554245,0.030235,0.000000,-0.554566,0.832135,0.002773,0.000000,-0.023623,-0.019074,0.999539,0.000000,0.000000,0.000000,0.000000,1.000000;;
       }
      }

      Frame voljin_Bone15 {
       

       FrameTransformMatrix {
        0.811792,0.578753,-0.077713,0.000000,-0.583946,0.804268,-0.110275,0.000000,-0.001320,0.134900,0.990859,0.000000,-0.252867,-1.859426,-0.085849,1.000000;;
       }

       Frame voljin_Bone22_Head {
        

        FrameTransformMatrix {
         1.000000,0.000000,0.000000,0.000000,-0.000000,1.000000,0.000000,0.000000,-0.000000,0.000000,1.000000,0.000000,0.652929,-0.482373,-0.167984,1.000000;;
        }
       }

       Frame voljin_Bone104 {
        

        FrameTransformMatrix {
         1.000000,0.000000,0.000000,0.000000,-0.000000,1.000000,0.000000,0.000000,-0.000000,0.000000,1.000000,0.000000,0.000000,-0.000000,0.000000,1.000000;;
        }
       }
      }
     }
    }

    Frame voljin_Bone5 {
     

     FrameTransformMatrix {
      0.999334,0.035519,0.008373,0.000000,-0.035971,0.997418,0.062149,0.000000,-0.006144,-0.062409,0.998032,0.000000,0.449464,-0.237706,0.000000,1.000000;;
     }

     Frame voljin_Bone9 {
      

      FrameTransformMatrix {
       0.986454,0.163691,-0.010639,0.000000,-0.163994,0.985593,-0.041372,0.000000,0.003714,0.042556,0.999087,0.000000,0.147827,-0.500362,0.000000,1.000000;;
      }

      Frame voljin_Bone16 {
       

       FrameTransformMatrix {
        0.996723,-0.080831,-0.003053,0.000000,0.080783,0.996639,-0.013624,0.000000,0.004144,0.013332,0.999903,0.000000,0.016144,-0.650523,0.000000,1.000000;;
       }
      }
     }
    }

    Frame voljin_Bone6 {
     

     FrameTransformMatrix {
      0.808585,0.586650,-0.045068,0.000000,-0.587759,0.808876,-0.016095,0.000000,0.027012,0.039503,0.998854,0.000000,0.038190,-0.378414,0.395668,1.000000;;
     }

     Frame voljin_Bone10 {
      

      FrameTransformMatrix {
       0.458777,-0.887897,0.034107,0.000000,0.886885,0.459929,0.043605,0.000000,-0.054403,0.010244,0.998467,0.000000,-0.040444,-2.436501,0.120933,1.000000;;
      }

      Frame voljin_Bone17 {
       

       FrameTransformMatrix {
        0.854037,0.519425,-0.028634,0.000000,-0.519696,0.854348,-0.002434,0.000000,0.023199,0.016959,0.999587,0.000000,0.000000,0.000000,0.000000,1.000000;;
       }
      }

      Frame voljin_Bone18 {
       

       FrameTransformMatrix {
        0.934409,0.349717,0.067658,0.000000,-0.354332,0.932019,0.076086,0.000000,-0.036450,-0.095069,0.994803,0.000000,-0.252471,-1.859045,0.088091,1.000000;;
       }

       Frame voljin_Bone23 {
        

        FrameTransformMatrix {
         1.000000,0.000000,0.000000,0.000000,0.000000,1.000000,-0.000000,0.000000,-0.000000,0.000000,1.000000,0.000000,0.651712,-0.479816,0.140320,1.000000;;
        }
       }

       Frame voljin_Bone103_Breath {
        

        FrameTransformMatrix {
         1.000000,0.000000,0.000000,0.000000,0.000000,1.000000,-0.000000,0.000000,-0.000000,0.000000,1.000000,0.000000,-0.000000,0.000000,-0.000000,1.000000;;
        }
       }
      }
     }
    }

    Frame voljin_Bone70 {
     

     FrameTransformMatrix {
      1.000000,-0.000000,-0.000000,0.000000,-0.000000,1.000000,-0.000000,0.000000,-0.000000,0.000000,1.000000,0.000000,0.022726,-0.104986,0.750000,1.000000;;
     }
    }

    Frame voljin_Bone71 {
     

     FrameTransformMatrix {
      1.000000,-0.000000,-0.000000,0.000000,-0.000000,1.000000,-0.000000,0.000000,-0.000000,0.000000,1.000000,0.000000,0.022726,-0.104986,-0.791667,1.000000;;
     }
    }

    Frame voljin_Bone72 {
     

     FrameTransformMatrix {
      1.000000,-0.000000,-0.000000,0.000000,-0.000000,1.000000,-0.000000,0.000000,-0.000000,0.000000,1.000000,0.000000,0.608395,-0.072057,0.000000,1.000000;;
     }
    }
   }

   Frame voljin_Bone3_Waist {
    

    FrameTransformMatrix {
     0.838578,-0.538667,0.081387,0.000000,0.542327,0.839596,-0.030976,0.000000,-0.051646,0.070115,0.996201,0.000000,-0.082649,0.062233,0.000000,1.000000;;
    }

    Frame voljin_Bone7 {
     

     FrameTransformMatrix {
      0.923070,-0.354630,0.148931,0.000000,0.361252,0.932272,-0.019131,0.000000,-0.132060,0.071461,0.988663,0.000000,-0.247392,0.890611,0.000000,1.000000;;
     }

     Frame voljin_Bone11 {
      

      FrameTransformMatrix {
       1.000000,0.000000,0.000000,0.000000,0.000000,1.000000,0.000000,0.000000,-0.000000,0.000000,1.000000,0.000000,0.124082,1.162420,-0.251782,1.000000;;
      }

      Frame voljin_Bone19 {
       

       FrameTransformMatrix {
        0.822597,0.563006,-0.079744,0.000000,-0.519907,0.801481,0.295509,0.000000,0.230286,-0.201625,0.952006,0.000000,0.104435,-0.181662,-0.544220,1.000000;;
       }

       Frame voljin_Bone24 {
        

        FrameTransformMatrix {
         0.976066,0.215381,0.030100,0.000000,-0.211500,0.972336,-0.099151,0.000000,-0.050622,0.090412,0.994617,0.000000,-0.210285,-1.819279,-0.437506,1.000000;;
        }

        Frame voljin_Bone31 {
         

         FrameTransformMatrix {
          0.994002,-0.106723,-0.023899,0.000000,0.107746,0.993082,0.046681,0.000000,0.018751,-0.048976,0.998624,0.000000,0.000000,0.000000,0.000000,1.000000;;
         }
        }

        Frame voljin_Bone32 {
         

         FrameTransformMatrix {
          0.913428,0.305976,-0.268380,0.000000,-0.287492,0.951823,0.106684,0.000000,0.288093,-0.020291,0.957387,0.000000,0.258945,-1.462924,-0.161832,1.000000;;
         }

         Frame voljin_Bone35 {
          

          FrameTransformMatrix {
           0.999066,-0.035827,0.024157,0.000000,0.037362,0.997092,-0.066425,0.000000,-0.021707,0.067266,0.997499,0.000000,0.186775,-0.531062,0.033225,1.000000;;
          }

          Frame voljin_Bone41_LFingerPinky {
           

           FrameTransformMatrix {
            0.998837,0.039941,-0.026999,0.000000,-0.037870,0.996591,0.073303,0.000000,0.029835,-0.072195,0.996944,0.000000,0.075536,-0.415369,0.163269,1.000000;;
           }
          }
         }

         Frame voljin_Bone36_RFingerIndex {
          

          FrameTransformMatrix {
           0.991214,-0.012978,0.131629,0.000000,0.029809,0.991491,-0.126714,0.000000,-0.128865,0.129525,0.983167,0.000000,0.124787,-0.205084,0.211717,1.000000;;
          }

          Frame voljin_Bone42 {
           

           FrameTransformMatrix {
            1.000000,-0.000000,-0.000000,0.000000,0.000000,1.000000,0.000000,0.000000,0.000000,-0.000000,1.000000,0.000000,0.121146,-0.138629,0.118007,1.000000;;
           }
          }
         }

         Frame voljin_Bone37_RThumb {
          

          FrameTransformMatrix {
           0.999945,0.009433,0.004596,0.000000,-0.008848,0.993437,-0.114036,0.000000,-0.005641,0.113989,0.993466,0.000000,-0.087176,-0.565314,0.022323,1.000000;;
          }

          Frame voljin_Bone43 {
           

           FrameTransformMatrix {
            0.999975,0.004948,-0.005010,0.000000,-0.005415,0.995176,-0.097957,0.000000,0.004501,0.097981,0.995178,0.000000,0.023202,-0.336323,0.098360,1.000000;;
           }
          }
         }

         Frame voljin_Bone112 {
          

          FrameTransformMatrix {
           1.176775,0.126781,0.402029,0.000000,-0.031221,1.215070,-0.291789,0.000000,-0.420387,0.264653,1.147051,0.000000,0.168848,-0.631893,0.190582,1.000000;;
          }
         }

         Frame voljin_Bone113 {
          

          FrameTransformMatrix {
           0.990239,-0.035805,0.134700,0.000000,0.073107,0.956253,-0.283257,0.000000,-0.118666,0.290340,0.949537,0.000000,0.011304,-0.544209,0.228560,1.000000;;
          }
         }

         Frame voljin_Bone114 {
          

          FrameTransformMatrix {
           1.000000,-0.000000,-0.000000,0.000000,0.000000,1.000000,-0.000000,0.000000,0.000000,-0.000000,1.000000,0.000000,2.419745,-1.797331,-0.409484,1.000000;;
          }
         }

         Frame voljin_Bone115 {
          

          FrameTransformMatrix {
           1.000000,-0.000000,-0.000000,0.000000,0.000000,1.000000,-0.000000,0.000000,0.000000,-0.000000,1.000000,0.000000,0.088059,-0.751643,0.166850,1.000000;;
          }
         }

         Frame voljin_Bone116 {
          

          FrameTransformMatrix {
           1.000000,-0.000000,-0.000000,0.000000,0.000000,1.000000,-0.000000,0.000000,0.000000,-0.000000,1.000000,0.000000,0.050652,-0.219674,0.558704,1.000000;;
          }
         }

         Frame voljin_Bone117 {
          

          FrameTransformMatrix {
           1.000000,-0.000000,-0.000000,0.000000,0.000000,1.000000,-0.000000,0.000000,0.000000,-0.000000,1.000000,0.000000,0.011304,-0.544209,0.228560,1.000000;;
          }
         }

         Frame voljin_Bone118 {
          

          FrameTransformMatrix {
           1.000000,-0.000000,-0.000000,0.000000,0.000000,1.000000,-0.000000,0.000000,0.000000,-0.000000,1.000000,0.000000,0.011304,-0.544209,0.228560,1.000000;;
          }
         }

         Frame voljin_Bone119 {
          

          FrameTransformMatrix {
           1.000000,-0.000000,-0.000000,0.000000,0.000000,1.000000,-0.000000,0.000000,0.000000,-0.000000,1.000000,0.000000,0.011304,-0.544209,0.228560,1.000000;;
          }
         }
        }
       }
      }

      Frame voljin_Bone97 {
       

       FrameTransformMatrix {
        1.000000,0.000000,0.000000,0.000000,-0.000000,1.000000,0.000000,0.000000,0.000000,-0.000000,1.000000,0.000000,-0.000001,0.000005,0.000000,1.000000;;
       }
      }
     }

     Frame voljin_Bone12_ShoulderR {
      

      FrameTransformMatrix {
       0.974542,0.032466,-0.221840,0.000000,-0.031457,0.999472,0.008080,0.000000,0.221985,-0.000896,0.975050,0.000000,0.124085,1.162382,0.252987,1.000000;;
      }

      Frame voljin_Bone20_ArmR {
       

       FrameTransformMatrix {
        0.798865,0.590562,-0.114237,0.000000,-0.601508,0.783837,-0.154231,0.000000,-0.001540,0.191924,0.981409,0.000000,0.104487,-0.183964,0.542247,1.000000;;
       }

       Frame voljin_Bone25 {
        

        FrameTransformMatrix {
         0.974777,0.220611,-0.033783,0.000000,-0.217624,0.973119,0.075362,0.000000,0.049500,-0.066109,0.996584,0.000000,-0.228216,-1.820542,0.417116,1.000000;;
        }

        Frame voljin_Bone33 {
         

         FrameTransformMatrix {
          0.993678,-0.109916,0.022866,0.000000,0.110661,0.993264,-0.034367,0.000000,-0.018934,0.036680,0.999148,0.000000,0.000000,0.000000,0.000000,1.000000;;
         }
        }

        Frame voljin_Bone34 {
         

         FrameTransformMatrix {
          0.931668,0.230531,0.280804,0.000000,-0.180877,0.964622,-0.191801,0.000000,-0.315086,0.127904,0.940405,0.000000,0.276963,-1.456473,0.185569,1.000000;;
         }

         Frame voljin_Bone38_RFingerPinky {
          

          FrameTransformMatrix {
           0.996231,0.086308,0.008680,0.000000,-0.086740,0.990310,0.108455,0.000000,0.000765,-0.108799,0.994063,0.000000,0.151285,-0.201134,-0.205827,1.000000;;
          }

          Frame voljin_Bone44 {
           

           FrameTransformMatrix {
            1.000000,-0.000000,-0.000000,0.000000,-0.000000,1.000000,0.000000,0.000000,-0.000000,-0.000000,1.000000,0.000000,0.087084,-0.144259,-0.116061,1.000000;;
           }
          }
         }

         Frame voljin_Bone39_LThumb {
          

          FrameTransformMatrix {
           0.981771,-0.124143,-0.143928,0.000000,0.174700,0.887687,0.426018,0.000000,0.074876,-0.443397,0.893193,0.000000,0.200736,-0.511914,-0.025260,1.000000;;
          }

          Frame voljin_Bone45 {
           

           FrameTransformMatrix {
            0.997888,0.057803,0.029627,0.000000,-0.052666,0.987007,-0.151801,0.000000,-0.038017,0.149920,0.987967,0.000000,0.044443,-0.435887,-0.169316,1.000000;;
           }
          }
         }

         Frame voljin_Bone40_LFingerIndex {
          

          FrameTransformMatrix {
           0.999924,-0.003988,-0.011670,0.000000,0.008110,0.925528,0.378593,0.000000,0.009291,-0.378659,0.925490,0.000000,-0.062789,-0.565640,-0.011002,1.000000;;
          }

          Frame voljin_Bone46 {
           

           FrameTransformMatrix {
            0.999971,-0.002186,0.007347,0.000000,0.003053,0.992753,-0.120138,0.000000,-0.007031,0.120157,0.992730,0.000000,0.007252,-0.337178,-0.129820,1.000000;;
           }
          }
         }

         Frame voljin_Bone111 {
          

          FrameTransformMatrix {
           1.240646,-0.109075,-0.106767,0.000000,0.144598,0.559996,1.108148,0.000000,-0.048866,-1.112210,0.568425,0.000000,0.048554,-0.546215,-0.231252,1.000000;;
          }
         }

         Frame voljin_Bone120_CSR {
          

          FrameTransformMatrix {
           1.000000,0.000000,0.000000,0.000000,-0.000000,1.000000,-0.000000,0.000000,0.000000,-0.000000,1.000000,0.000000,0.011055,-0.587882,-0.147919,1.000000;;
          }
         }
        }

        Frame voljin_Bone108 {
         

         FrameTransformMatrix {
          1.000000,0.000000,-0.000000,0.000000,0.000000,1.000000,0.000000,0.000000,-0.000000,0.000000,1.000000,0.000000,0.120577,-0.989938,1.016817,1.000000;;
         }
        }
       }
      }

      Frame voljin_Bone98 {
       

       FrameTransformMatrix {
        1.000000,0.000000,-0.000000,0.000000,-0.000000,1.000000,0.000000,0.000000,0.000000,0.000000,1.000000,0.000000,0.000000,0.000001,0.000004,1.000000;;
       }
      }
     }

     Frame voljin_Bone13_ShoulderL {
      

      FrameTransformMatrix {
       0.815872,0.520623,-0.251605,0.000000,-0.496540,0.853782,0.156538,0.000000,0.296313,-0.002783,0.955087,0.000000,0.303813,1.424404,-0.000000,1.000000;;
      }

      Frame voljin_Bone21_ArmL {
       

       FrameTransformMatrix {
        0.980275,0.188732,0.058661,0.000000,-0.186943,0.981759,-0.034672,0.000000,-0.064135,0.023022,0.997676,0.000000,0.171614,0.275893,0.000000,1.000000;;
       }

       Frame voljin_Bone26 {
        

        FrameTransformMatrix {
         1.000000,0.000000,0.000000,0.000000,0.000000,1.000000,0.000000,0.000000,-0.000000,-0.000000,1.000000,0.000000,0.503743,0.175919,0.118845,1.000000;;
        }
       }

       Frame voljin_Bone27 {
        

        FrameTransformMatrix {
         1.000000,0.000000,0.000000,0.000000,0.000000,1.000000,0.000000,0.000000,-0.000000,-0.000000,1.000000,0.000000,0.503743,0.175919,-0.117191,1.000000;;
        }
       }

       Frame voljin_Bone28 {
        

        FrameTransformMatrix {
         1.000000,0.000000,0.000000,0.000000,0.000000,1.000000,0.000000,0.000000,-0.000000,-0.000000,1.000000,0.000000,-0.187670,0.179313,0.370976,1.000000;;
        }
       }

       Frame voljin_Bone29 {
        

        FrameTransformMatrix {
         0.996051,-0.088784,-0.000000,0.000000,0.088784,0.996051,0.000000,0.000000,0.000000,-0.000000,1.000000,0.000000,0.360488,-0.266200,0.000000,1.000000;;
        }
       }

       Frame voljin_Bone30_Jaw {
        

        FrameTransformMatrix {
         1.000000,0.000000,0.000000,0.000000,0.000000,1.000000,0.000000,0.000000,-0.000000,-0.000000,1.000000,0.000000,-0.187669,0.179314,-0.370974,1.000000;;
        }
       }

       Frame voljin_Bone102 {
        

        FrameTransformMatrix {
         1.000000,0.000000,0.000000,0.000000,0.000000,1.000000,0.000000,0.000000,-0.000000,-0.000000,1.000000,0.000000,0.748343,-0.156151,0.000000,1.000000;;
        }
       }

       Frame voljin_Bone105 {
        

        FrameTransformMatrix {
         1.000000,0.000000,0.000000,0.000000,0.000000,1.000000,0.000000,0.000000,-0.000000,-0.000000,1.000000,0.000000,0.854613,-0.211777,0.000000,1.000000;;
        }
       }

       Frame voljin_Bone106_BTH {
        

        FrameTransformMatrix {
         1.000000,0.000000,0.000000,0.000000,0.000000,1.000000,0.000000,0.000000,-0.000000,-0.000000,1.000000,0.000000,0.744245,0.061989,0.000000,1.000000;;
        }
       }
      }
     }

     Frame voljin_Bone86 {
      

      FrameTransformMatrix {
       1.000000,0.000000,0.000000,0.000000,0.000000,1.000000,0.000000,0.000000,-0.000000,0.000000,1.000000,0.000000,0.716551,-0.587147,-0.000000,1.000000;;
      }
     }

     Frame voljin_Bone87 {
      

      FrameTransformMatrix {
       1.000000,0.000000,0.000000,0.000000,0.000000,1.000000,0.000000,0.000000,-0.000000,0.000000,1.000000,0.000000,-0.294748,0.030039,0.000000,1.000000;;
      }
     }

     Frame voljin_Bone88 {
      

      FrameTransformMatrix {
       1.000000,0.000000,0.000000,0.000000,0.000000,1.000000,0.000000,0.000000,-0.000000,0.000000,1.000000,0.000000,-0.604141,1.446855,-0.711750,1.000000;;
      }
     }

     Frame voljin_Bone89 {
      

      FrameTransformMatrix {
       1.000000,0.000000,0.000000,0.000000,0.000000,1.000000,0.000000,0.000000,-0.000000,0.000000,1.000000,0.000000,-0.550959,1.446855,0.711750,1.000000;;
      }
     }

     Frame voljin_Bone90 {
      

      FrameTransformMatrix {
       1.000000,0.000000,0.000000,0.000000,0.000000,1.000000,0.000000,0.000000,-0.000000,0.000000,1.000000,0.000000,-0.624312,-0.054170,-0.000000,1.000000;;
      }
     }

     Frame voljin_Bone91 {
      

      FrameTransformMatrix {
       1.000000,0.000000,0.000000,0.000000,0.000000,1.000000,0.000000,0.000000,-0.000000,0.000000,1.000000,0.000000,-0.641504,-0.379548,0.232606,1.000000;;
      }
     }

     Frame voljin_Bone92 {
      

      FrameTransformMatrix {
       1.000000,0.000000,0.000000,0.000000,0.000000,1.000000,0.000000,0.000000,-0.000000,0.000000,1.000000,0.000000,-0.639501,-0.628968,-0.366811,1.000000;;
      }
     }

     Frame voljin_Bone93 {
      

      FrameTransformMatrix {
       1.000000,0.000000,0.000000,0.000000,0.000000,1.000000,0.000000,0.000000,-0.000000,0.000000,1.000000,0.000000,1.055706,0.215417,-0.036398,1.000000;;
      }
     }

     Frame voljin_Bone94 {
      

      FrameTransformMatrix {
       1.000000,0.000000,0.000000,0.000000,0.000000,1.000000,0.000000,0.000000,-0.000000,0.000000,1.000000,0.000000,-0.748565,1.428129,-0.673744,1.000000;;
      }
     }

     Frame voljin_Bone95 {
      

      FrameTransformMatrix {
       1.000000,0.000000,0.000000,0.000000,0.000000,1.000000,0.000000,0.000000,-0.000000,0.000000,1.000000,0.000000,0.913374,0.321855,-0.000000,1.000000;;
      }
     }

     Frame voljin_Bone96_CCH {
      

      FrameTransformMatrix {
       1.000000,0.000000,0.000000,0.000000,0.000000,1.000000,0.000000,0.000000,-0.000000,0.000000,1.000000,0.000000,0.000000,0.000000,0.000000,1.000000;;
      }
     }
    }

    Frame voljin_Bone73 {
     

     FrameTransformMatrix {
      1.000000,0.000000,-0.000000,0.000000,-0.000000,1.000000,0.000000,0.000000,0.000000,-0.000000,1.000000,0.000000,-0.167352,0.795799,0.000000,1.000000;;
     }
    }

    Frame voljin_Bone74 {
     

     FrameTransformMatrix {
      1.000000,0.000000,-0.000000,0.000000,-0.000000,1.000000,0.000000,0.000000,0.000000,-0.000000,1.000000,0.000000,-0.167352,0.795799,0.000000,1.000000;;
     }
    }

    Frame voljin_Bone75 {
     

     FrameTransformMatrix {
      1.000000,0.000000,-0.000000,0.000000,-0.000000,1.000000,0.000000,0.000000,0.000000,-0.000000,1.000000,0.000000,-0.167352,0.795799,0.000000,1.000000;;
     }
    }

    Frame voljin_Bone76 {
     

     FrameTransformMatrix {
      1.000000,0.000000,-0.000000,0.000000,-0.000000,1.000000,0.000000,0.000000,0.000000,-0.000000,1.000000,0.000000,-0.167352,0.795799,0.000000,1.000000;;
     }
    }

    Frame voljin_Bone77 {
     

     FrameTransformMatrix {
      1.000000,0.000000,-0.000000,0.000000,-0.000000,1.000000,0.000000,0.000000,0.000000,-0.000000,1.000000,0.000000,-0.167352,0.795799,0.000000,1.000000;;
     }
    }

    Frame voljin_Bone78 {
     

     FrameTransformMatrix {
      1.000000,0.000000,-0.000000,0.000000,-0.000000,1.000000,0.000000,0.000000,0.000000,-0.000000,1.000000,0.000000,-0.167352,0.795798,0.000000,1.000000;;
     }
    }

    Frame voljin_Bone79 {
     

     FrameTransformMatrix {
      1.000000,0.000000,-0.000000,0.000000,-0.000000,1.000000,0.000000,0.000000,0.000000,-0.000000,1.000000,0.000000,-0.167352,0.795798,0.000000,1.000000;;
     }
    }

    Frame voljin_Bone80 {
     

     FrameTransformMatrix {
      1.000000,0.000000,-0.000000,0.000000,-0.000000,1.000000,0.000000,0.000000,0.000000,-0.000000,1.000000,0.000000,-0.167352,0.795798,0.000000,1.000000;;
     }
    }

    Frame voljin_Bone81 {
     

     FrameTransformMatrix {
      1.000000,0.000000,-0.000000,0.000000,-0.000000,1.000000,0.000000,0.000000,0.000000,-0.000000,1.000000,0.000000,-0.167352,0.795798,0.000000,1.000000;;
     }
    }

    Frame voljin_Bone82 {
     

     FrameTransformMatrix {
      1.000000,0.000000,-0.000000,0.000000,-0.000000,1.000000,0.000000,0.000000,0.000000,-0.000000,1.000000,0.000000,-0.167352,0.795798,0.000000,1.000000;;
     }
    }

    Frame voljin_Bone83 {
     

     FrameTransformMatrix {
      1.000000,0.000000,-0.000000,0.000000,-0.000000,1.000000,0.000000,0.000000,0.000000,-0.000000,1.000000,0.000000,-0.167352,0.795798,0.000000,1.000000;;
     }
    }

    Frame voljin_Bone84 {
     

     FrameTransformMatrix {
      1.000000,0.000000,-0.000000,0.000000,-0.000000,1.000000,0.000000,0.000000,0.000000,-0.000000,1.000000,0.000000,0.082649,-0.870869,0.000000,1.000000;;
     }
    }
   }
  }
 }

 Frame voljin_Bone47 {
  

  FrameTransformMatrix {
   1.000000,0.000000,0.000000,0.000000,0.000000,1.000000,0.000000,0.000000,0.000000,0.000000,1.000000,0.000000,-0.231733,8.732322,0.000000,1.000000;;
  }
 }

 Frame voljin_Bone48_Name {
  

  FrameTransformMatrix {
   1.000000,0.000000,0.000000,0.000000,0.000000,1.000000,0.000000,0.000000,0.000000,0.000000,1.000000,0.000000,0.000000,0.018589,0.000000,1.000000;;
  }
 }

 Frame voljin_Bone49 {
  

  FrameTransformMatrix {
   1.000000,0.000000,0.000000,0.000000,0.000000,1.000000,0.000000,0.000000,0.000000,0.000000,1.000000,0.000000,1.558175,7.386482,0.000000,1.000000;;
  }
 }

 Frame voljin_Bone50 {
  

  FrameTransformMatrix {
   1.000000,0.000000,0.000000,0.000000,0.000000,1.000000,0.000000,0.000000,0.000000,0.000000,1.000000,0.000000,0.416667,5.000000,0.000000,1.000000;;
  }
 }

 Frame voljin_Bone51_NameMount {
  

  FrameTransformMatrix {
   1.000000,0.000000,0.000000,0.000000,0.000000,1.000000,0.000000,0.000000,0.000000,0.000000,1.000000,0.000000,0.000000,0.000000,0.000000,1.000000;;
  }
 }

 Frame voljin_Bone52 {
  

  FrameTransformMatrix {
   1.000000,0.000000,0.000000,0.000000,0.000000,1.000000,0.000000,0.000000,0.000000,0.000000,1.000000,0.000000,0.693242,0.000000,-0.435847,1.000000;;
  }
 }

 Frame voljin_Bone53 {
  

  FrameTransformMatrix {
   1.000000,0.000000,0.000000,0.000000,0.000000,1.000000,0.000000,0.000000,0.000000,0.000000,1.000000,0.000000,0.757142,0.000000,0.467554,1.000000;;
  }
 }

 Frame voljin_Bone54 {
  

  FrameTransformMatrix {
   1.000000,0.000000,0.000000,0.000000,0.000000,1.000000,0.000000,0.000000,0.000000,0.000000,1.000000,0.000000,0.943891,0.000000,0.392665,1.000000;;
  }
 }

 Frame voljin_Bone55 {
  

  FrameTransformMatrix {
   1.000000,0.000000,0.000000,0.000000,0.000000,1.000000,0.000000,0.000000,0.000000,0.000000,1.000000,0.000000,0.963411,0.000000,-0.421977,1.000000;;
  }
 }

 Frame voljin_Bone56 {
  

  FrameTransformMatrix {
   1.000000,0.000000,0.000000,0.000000,0.000000,1.000000,0.000000,0.000000,0.000000,0.000000,1.000000,0.000000,-0.523254,0.000000,-0.326349,1.000000;;
  }
 }

 Frame voljin_Bone57 {
  

  FrameTransformMatrix {
   1.000000,0.000000,0.000000,0.000000,0.000000,1.000000,0.000000,0.000000,0.000000,0.000000,1.000000,0.000000,-0.506022,0.000000,0.354501,1.000000;;
  }
 }

 Frame voljin_Bone58 {
  

  FrameTransformMatrix {
   1.000000,0.000000,0.000000,0.000000,0.000000,1.000000,0.000000,0.000000,0.000000,0.000000,1.000000,0.000000,0.000000,0.000000,0.000000,1.000000;;
  }
 }

 Frame voljin_Bone59 {
  

  FrameTransformMatrix {
   1.000000,0.000000,0.000000,0.000000,0.000000,1.000000,0.000000,0.000000,0.000000,0.000000,1.000000,0.000000,2.306247,0.000000,0.359286,1.000000;;
  }
 }

 Frame voljin_Bone60 {
  

  FrameTransformMatrix {
   1.000000,0.000000,0.000000,0.000000,0.000000,1.000000,0.000000,0.000000,0.000000,0.000000,1.000000,0.000000,1.964642,0.000000,-0.292638,1.000000;;
  }
 }

 Frame voljin_Bone61 {
  

  FrameTransformMatrix {
   1.000000,0.000000,0.000000,0.000000,0.000000,1.000000,0.000000,0.000000,0.000000,0.000000,1.000000,0.000000,0.000000,0.000000,0.000000,1.000000;;
  }
 }

 Frame voljin_Bone62 {
  

  FrameTransformMatrix {
   1.000000,0.000000,0.000000,0.000000,0.000000,1.000000,0.000000,0.000000,0.000000,0.000000,1.000000,0.000000,-1.598388,0.000000,-0.435847,1.000000;;
  }
 }

 Frame voljin_Bone63 {
  

  FrameTransformMatrix {
   1.000000,0.000000,0.000000,0.000000,0.000000,1.000000,0.000000,0.000000,0.000000,0.000000,1.000000,0.000000,-1.684106,0.000000,0.467554,1.000000;;
  }
 }

 Frame voljin_Bone64 {
  

  FrameTransformMatrix {
   1.000000,0.000000,0.000000,0.000000,0.000000,1.000000,0.000000,0.000000,0.000000,0.000000,1.000000,0.000000,-0.571320,0.000000,-1.080332,1.000000;;
  }
 }

 Frame voljin_Bone65 {
  

  FrameTransformMatrix {
   1.000000,0.000000,0.000000,0.000000,0.000000,1.000000,0.000000,0.000000,0.000000,0.000000,1.000000,0.000000,0.220219,0.000000,1.224433,1.000000;;
  }
 }

 Frame voljin_Bone66 {
  

  FrameTransformMatrix {
   1.000000,0.000000,0.000000,0.000000,0.000000,1.000000,0.000000,0.000000,0.000000,0.000000,1.000000,0.000000,-0.571320,0.000000,-0.580602,1.000000;;
  }
 }

 Frame voljin_Bone67 {
  

  FrameTransformMatrix {
   1.000000,0.000000,0.000000,0.000000,0.000000,1.000000,0.000000,0.000000,0.000000,0.000000,1.000000,0.000000,0.220219,0.000000,0.796834,1.000000;;
  }
 }

 Frame voljin_Bone68 {
  

  FrameTransformMatrix {
   1.000000,0.000000,0.000000,0.000000,0.000000,1.000000,0.000000,0.000000,0.000000,0.000000,1.000000,0.000000,1.025608,0.000000,0.467554,1.000000;;
  }
 }

 Frame voljin_Bone69 {
  

  FrameTransformMatrix {
   1.000000,0.000000,0.000000,0.000000,0.000000,1.000000,0.000000,0.000000,0.000000,0.000000,1.000000,0.000000,1.254422,0.000000,-0.435847,1.000000;;
  }
 }
}

Frame voljin_0 {
 

 FrameTransformMatrix {
  1.000000,0.000000,0.000000,0.000000,0.000000,1.000000,0.000000,0.000000,0.000000,0.000000,1.000000,0.000000,0.000000,0.000000,0.000000,1.000000;;
 }

 Mesh voljin_0 {
  3607;
  -0.486672;2.864388;0.532702;,
  -0.481169;2.843901;0.510610;,
  -0.456477;2.896692;0.509690;,
  -0.485975;2.903876;0.536250;,
  -0.500382;2.877035;0.513010;,
  -0.504910;2.908022;0.510698;,
  -0.518186;2.872197;0.463295;,
  -0.517883;2.917381;0.486594;,
  -0.539195;2.914894;0.484013;,
  -0.511752;2.947447;0.475217;,
  -0.566409;2.933118;0.476361;,
  -0.550175;2.944074;0.458850;,
  -0.479368;2.956078;0.502223;,
  -0.544711;2.897120;0.486628;,
  -0.540871;2.942052;0.345935;,
  -0.570616;2.911107;0.425303;,
  -0.545473;2.965642;0.416311;,
  -0.515892;2.974910;0.450490;,
  -0.480028;2.978181;0.458081;,
  -0.556517;2.904573;0.444686;,
  -0.522626;2.881885;0.306218;,
  -0.496604;2.988315;0.319926;,
  -0.487701;3.022485;0.396139;,
  -0.473461;3.006761;0.426737;,
  -0.441003;2.929990;0.486103;,
  -0.479368;2.956078;0.502223;,
  -0.485975;2.903876;0.536250;,
  -0.456477;2.896692;0.509690;,
  -0.462017;2.928329;0.272377;,
  -0.484065;2.858231;0.297124;,
  -0.443765;2.897894;0.283639;,
  -0.447527;2.859030;0.301463;,
  -0.412785;2.826543;0.350128;,
  -0.479164;2.827978;0.318185;,
  -0.520392;2.834888;0.315332;,
  -0.439909;2.811417;0.312077;,
  -0.421929;2.791990;0.373971;,
  -0.456876;2.755155;0.389123;,
  -0.447620;2.763265;0.351428;,
  -0.461307;2.771087;0.414902;,
  -0.490760;2.780709;0.449210;,
  -0.496836;2.788627;0.431655;,
  -0.482183;2.785271;0.403539;,
  -0.472435;2.774580;0.378341;,
  -0.448935;2.759207;0.434315;,
  -0.471281;2.784738;0.348650;,
  -0.502958;2.816369;0.389913;,
  -0.497293;2.799826;0.419493;,
  -0.512954;2.783254;0.450329;,
  -0.490476;2.810816;0.456236;,
  -0.487912;2.807505;0.342169;,
  -0.509236;2.805066;0.339651;,
  -0.517251;2.796450;0.354304;,
  -0.533415;2.812162;0.317373;,
  -0.537712;2.835633;0.354069;,
  -0.554750;2.852943;0.348850;,
  -0.546011;2.834498;0.329006;,
  -0.542026;2.802716;0.370902;,
  -0.520812;2.797307;0.385330;,
  -0.515205;2.793619;0.416080;,
  -0.510215;2.798291;0.431964;,
  -0.547412;2.822796;0.378280;,
  -0.555528;2.823489;0.409610;,
  -0.547704;2.845253;0.418161;,
  -0.545094;2.808621;0.422071;,
  -0.549048;2.822286;0.435355;,
  -0.561538;2.845522;0.438571;,
  -0.531995;2.810622;0.447767;,
  -0.551363;2.831606;0.452284;,
  -0.536305;2.794963;0.458787;,
  -0.517817;2.826160;0.468594;,
  -0.527516;2.838752;0.475405;,
  -0.562704;2.878519;0.470539;,
  -0.562006;2.876297;0.448603;,
  -0.567115;2.887663;0.381867;,
  -0.571011;2.926146;0.449471;,
  -0.539977;2.867565;0.477679;,
  -0.518638;2.804092;0.477719;,
  -0.498404;2.808734;0.486047;,
  -0.507109;2.826288;0.481158;,
  -0.501082;2.854556;0.494611;,
  -0.486672;2.864388;0.532702;,
  -0.508474;2.840815;0.473370;,
  -0.510671;2.784729;0.471892;,
  -0.494187;2.744559;0.505874;,
  -0.481196;2.764351;0.527011;,
  -0.464044;2.763391;0.533717;,
  -0.456860;2.794326;0.544191;,
  -0.463215;2.794004;0.533635;,
  -0.466799;2.824696;0.520396;,
  -0.456860;2.794326;0.544191;,
  -0.454552;2.815319;0.539531;,
  -0.478274;2.733999;0.517210;,
  -0.494187;2.744559;0.505874;,
  -0.457821;2.747421;0.544770;,
  -0.464044;2.763391;0.533717;,
  -0.449827;2.724392;0.530436;,
  -0.449241;2.715968;0.503427;,
  -0.472623;2.732924;0.485701;,
  -0.454853;2.729697;0.489428;,
  -0.448129;2.738698;0.460939;,
  -0.439347;2.730124;0.459802;,
  -0.454853;2.729697;0.489428;,
  -0.434267;2.740954;0.441785;,
  -0.439347;2.730124;0.459802;,
  -0.710891;3.736174;-0.499469;,
  -0.640962;3.689401;-0.454656;,
  -0.648758;3.747646;-0.470400;,
  -0.696926;3.789300;-0.542718;,
  -0.699960;3.724092;-0.558199;,
  -0.709263;3.766533;-0.587945;,
  -0.706572;3.705651;-0.614202;,
  -0.690139;3.760809;-0.650160;,
  -0.659105;3.681774;-0.663703;,
  -0.606573;3.789769;-0.707320;,
  -0.598388;3.691098;-0.697410;,
  -0.529720;3.687762;-0.710947;,
  -0.695416;3.844952;-0.567104;,
  -0.694497;3.872651;-0.611955;,
  -0.603944;3.885662;-0.687965;,
  -0.503824;3.769431;-0.718193;,
  -0.463690;3.716892;-0.702891;,
  -0.506621;3.678313;-0.686156;,
  -0.449714;3.778545;-0.682719;,
  -0.434208;3.736390;-0.655238;,
  0.306298;2.490043;-0.161295;,
  0.261931;2.517078;-0.181783;,
  0.231412;2.469831;-0.156356;,
  0.369652;2.443825;-0.112889;,
  0.214219;2.395283;-0.097447;,
  0.348367;2.388876;-0.029637;,
  0.273018;2.368416;-0.024673;,
  0.326951;2.370977;0.027958;,
  0.333978;2.338393;0.044208;,
  0.365932;2.365138;-0.030504;,
  0.326951;2.370977;0.027958;,
  0.348367;2.388876;-0.029637;,
  0.391890;2.429910;-0.132078;,
  0.369652;2.443825;-0.112889;,
  0.315093;2.488192;-0.191381;,
  0.306298;2.490043;-0.161295;,
  0.256656;2.527534;-0.218504;,
  0.261931;2.517078;-0.181783;,
  0.222094;2.463091;-0.185247;,
  0.231412;2.469831;-0.156356;,
  0.193180;2.369501;-0.112862;,
  0.214219;2.395283;-0.097447;,
  0.268738;2.336676;-0.022187;,
  0.273018;2.368416;-0.024673;,
  0.333978;2.338393;0.044208;,
  0.268738;2.336676;-0.022187;,
  0.365932;2.365138;-0.030504;,
  0.193180;2.369501;-0.112862;,
  0.391890;2.429910;-0.132078;,
  0.222094;2.463091;-0.185247;,
  0.315093;2.488192;-0.191381;,
  0.256656;2.527534;-0.218504;,
  0.507424;2.579997;-0.263341;,
  0.576063;2.498456;-0.170070;,
  0.522721;2.553568;-0.306450;,
  0.587003;2.605305;-0.219382;,
  0.596051;2.586823;-0.264659;,
  0.517563;2.649701;-0.275706;,
  0.529816;2.629171;-0.318384;,
  0.520833;2.779959;-0.334086;,
  0.534976;2.754519;-0.374414;,
  0.321422;2.781823;-0.391445;,
  0.332698;2.749785;-0.427091;,
  0.237987;2.594270;-0.324333;,
  0.234782;2.625612;-0.285850;,
  0.357479;2.536181;-0.289323;,
  0.357914;2.563558;-0.248785;,
  0.371688;2.465761;-0.226825;,
  0.372811;2.489732;-0.183264;,
  0.426014;2.501387;-0.290143;,
  0.423306;2.534609;-0.249156;,
  0.478651;2.427188;-0.199584;,
  0.478436;2.445779;-0.153607;,
  0.495301;2.493988;-0.281317;,
  0.483981;2.525443;-0.247803;,
  0.579404;2.481552;-0.216574;,
  0.476768;2.681605;-0.387606;,
  0.332698;2.749785;-0.427091;,
  0.534976;2.754519;-0.374414;,
  0.529816;2.629171;-0.318384;,
  0.324259;2.599315;-0.361888;,
  0.237987;2.594270;-0.324333;,
  0.405683;2.629259;-0.379930;,
  0.522721;2.553568;-0.306450;,
  0.596051;2.586823;-0.264659;,
  0.357479;2.536181;-0.289323;,
  0.426014;2.501387;-0.290143;,
  0.371688;2.465761;-0.226825;,
  0.495301;2.493988;-0.281317;,
  0.478651;2.427188;-0.199584;,
  0.579404;2.481552;-0.216574;,
  -0.519684;3.641491;-0.673196;,
  -0.491685;2.961023;0.530343;,
  -0.417766;3.244930;0.122458;,
  -0.469665;3.004413;0.567128;,
  -0.397487;3.303778;0.159271;,
  -0.441870;3.013776;0.350389;,
  -0.431281;2.980743;0.315382;,
  -0.571830;3.352951;-0.332767;,
  -0.416220;3.525335;-0.284796;,
  -0.548898;3.333833;-0.297272;,
  -0.399276;3.481153;-0.242690;,
  -0.548898;3.333833;-0.297272;,
  -0.416220;3.525335;-0.284796;,
  -0.420085;3.523698;-0.306412;,
  -0.205702;3.808330;-0.201017;,
  -0.419330;3.500006;-0.273724;,
  -0.201286;3.761919;-0.160240;,
  -0.497307;3.668537;-0.445560;,
  -0.206827;3.843726;-0.249852;,
  -0.496551;3.644845;-0.412872;,
  -0.173585;3.707901;-0.086160;,
  0.053140;3.720987;-0.062623;,
  -0.170470;3.676313;-0.059250;,
  0.049165;3.685236;-0.026248;,
  0.174354;3.674366;-0.125805;,
  0.186523;3.646656;-0.088394;,
  0.303470;3.627965;-0.251759;,
  0.288894;3.589331;-0.204912;,
  -1.068927;3.248669;-0.291096;,
  -0.891334;3.336293;-0.415489;,
  -0.955427;3.342304;-0.412386;,
  -0.789321;3.435787;-0.481004;,
  -0.742279;3.381162;-0.454911;,
  -1.056844;3.303748;-0.416265;,
  -0.961712;3.304002;-0.428670;,
  -0.998824;3.362630;-0.525077;,
  -0.794384;3.353680;-0.516655;,
  -0.858016;3.436734;-0.629483;,
  -0.794384;3.353680;-0.516655;,
  -0.742279;3.381162;-0.454911;,
  -0.891334;3.336293;-0.415489;,
  -0.961712;3.304002;-0.428670;,
  -1.068927;3.248669;-0.291096;,
  -0.955427;3.342304;-0.412386;,
  -1.056844;3.303748;-0.416265;,
  -0.998824;3.362630;-0.525077;,
  -0.789321;3.435787;-0.481004;,
  -0.858016;3.436734;-0.629483;,
  -0.698885;3.349370;-0.413118;,
  -0.695502;3.390555;-0.395886;,
  -0.742279;3.381162;-0.454911;,
  -0.789321;3.435787;-0.481004;,
  -0.720759;3.504029;-0.500060;,
  -0.783531;3.513684;-0.624828;,
  -0.858016;3.436734;-0.629483;,
  -0.654615;3.428283;-0.420549;,
  -0.225051;3.107303;0.217285;,
  -0.227172;3.082700;0.207075;,
  -0.664896;3.341457;-0.454450;,
  -0.208466;3.072503;0.188046;,
  -0.184176;3.090446;0.178418;,
  -0.823773;3.485258;-0.703279;,
  -0.793445;3.419562;-0.662404;,
  -0.740014;3.333757;-0.567165;,
  -0.794384;3.353680;-0.516655;,
  -0.733321;3.435034;-0.664771;,
  -0.670284;3.380451;-0.597641;,
  -0.727935;3.482297;-0.646251;,
  -0.662754;3.450562;-0.569670;,
  -0.631228;3.416000;-0.484074;,
  -0.201948;3.123514;0.207649;,
  -0.180736;3.112706;0.186500;,
  -0.635427;3.379751;-0.498298;,
  -0.361841;2.988972;0.643960;,
  -0.452425;3.042893;0.610973;,
  -0.417611;2.995364;0.694643;,
  -0.408037;3.016882;0.546472;,
  -0.474712;3.048263;0.581634;,
  -0.472281;2.981164;0.505078;,
  -0.527768;2.993488;0.546420;,
  -0.537720;2.910496;0.538137;,
  -0.481570;2.853300;0.821320;,
  -0.487130;2.844214;0.792610;,
  -0.469785;2.893459;0.782960;,
  -0.450120;2.925137;0.818159;,
  -0.459022;2.902601;0.836886;,
  -0.459022;2.902601;0.836886;,
  -0.452842;2.892405;0.853433;,
  -0.459217;2.864854;0.854497;,
  -0.473891;2.846382;0.838902;,
  -0.481570;2.853300;0.821320;,
  -0.434316;2.939458;0.807706;,
  -0.450120;2.925137;0.818159;,
  -0.441787;2.934248;0.790901;,
  -0.451172;2.944122;0.790435;,
  -0.487130;2.844214;0.792610;,
  -0.484081;2.830651;0.773352;,
  -0.481814;2.846730;0.763269;,
  -0.494996;2.848300;0.760181;,
