xof 0303txt 0032
template ColorRGBA {
 <35ff44e0-6c7c-11cf-8f52-0040333594a3>
 FLOAT red;
 FLOAT green;
 FLOAT blue;
 FLOAT alpha;
}

template ColorRGB {
 <d3e16e81-7835-11cf-8f52-0040333594a3>
 FLOAT red;
 FLOAT green;
 FLOAT blue;
}

template Material {
 <3d82ab4d-62da-11cf-ab39-0020af71e433>
 ColorRGBA faceColor;
 FLOAT power;
 ColorRGB specularColor;
 ColorRGB emissiveColor;
 [...]
}

template TextureFilename {
 <a42790e1-7810-11cf-8f52-0040333594a3>
 STRING filename;
}

template Frame {
 <3d82ab46-62da-11cf-ab39-0020af71e433>
 [...]
}

template Matrix4x4 {
 <f6f23f45-7686-11cf-8f52-0040333594a3>
 array FLOAT matrix[16];
}

template FrameTransformMatrix {
 <f6f23f41-7686-11cf-8f52-0040333594a3>
 Matrix4x4 frameMatrix;
}

template Vector {
 <3d82ab5e-62da-11cf-ab39-0020af71e433>
 FLOAT x;
 FLOAT y;
 FLOAT z;
}

template MeshFace {
 <3d82ab5f-62da-11cf-ab39-0020af71e433>
 DWORD nFaceVertexIndices;
 array DWORD faceVertexIndices[nFaceVertexIndices];
}

template Mesh {
 <3d82ab44-62da-11cf-ab39-0020af71e433>
 DWORD nVertices;
 array Vector vertices[nVertices];
 DWORD nFaces;
 array MeshFace faces[nFaces];
 [...]
}

template MeshMaterialList {
 <f6f23f42-7686-11cf-8f52-0040333594a3>
 DWORD nMaterials;
 DWORD nFaceIndexes;
 array DWORD faceIndexes[nFaceIndexes];
 [Material <3d82ab4d-62da-11cf-ab39-0020af71e433>]
}

template VertexElement {
 <f752461c-1e23-48f6-b9f8-8350850f336f>
 DWORD Type;
 DWORD Method;
 DWORD Usage;
 DWORD UsageIndex;
}

template DeclData {
 <bf22e553-292c-4781-9fea-62bd554bdd93>
 DWORD nElements;
 array VertexElement Elements[nElements];
 DWORD nDWords;
 array DWORD data[nDWords];
}

template XSkinMeshHeader {
 <3cf169ce-ff7c-44ab-93c0-f78f62d172e2>
 WORD nMaxSkinWeightsPerVertex;
 WORD nMaxSkinWeightsPerFace;
 WORD nBones;
}

template SkinWeights {
 <6f0d123b-bad2-4167-a0d0-80224f25fabb>
 STRING transformNodeName;
 DWORD nWeights;
 array DWORD vertexIndices[nWeights];
 array FLOAT weights[nWeights];
 Matrix4x4 matrixOffset;
}

template AnimTicksPerSecond {
 <9e415a43-7ba6-4a73-8743-b73d47e88476>
 DWORD AnimTicksPerSecond;
}

template Animation {
 <3d82ab4f-62da-11cf-ab39-0020af71e433>
 [...]
}

template AnimationSet {
 <3d82ab50-62da-11cf-ab39-0020af71e433>
 [Animation <3d82ab4f-62da-11cf-ab39-0020af71e433>]
}

template FloatKeys {
 <10dd46a9-775b-11cf-8f52-0040333594a3>
 DWORD nValues;
 array FLOAT values[nValues];
}

template TimedFloatKeys {
 <f406b180-7b3b-11cf-8f52-0040333594a3>
 DWORD time;
 FloatKeys tfkeys;
}

template AnimationKey {
 <10dd46a8-775b-11cf-8f52-0040333594a3>
 DWORD keyType;
 DWORD nKeys;
 array TimedFloatKeys keys[nKeys];
}


Material Material__26 {
 0.588000;0.588000;0.588000;1.000000;;
 10.000000;
 0.000000;0.000000;0.000000;;
 0.000000;0.000000;0.000000;;

 TextureFilename {
  "Body.tga";
 }
}

Material Material__27 {
 0.588000;0.588000;0.588000;1.000000;;
 10.000000;
 0.000000;0.000000;0.000000;;
 0.000000;0.000000;0.000000;;

 TextureFilename {
  "TaurenMaleSkin00_18_Extra.tga";
 }
}

Material Material__28 {
 0.588000;0.588000;0.588000;1.000000;;
 10.000000;
 0.000000;0.000000;0.000000;;
 0.000000;0.000000;0.000000;;

 TextureFilename {
  "Cape_Leather_Sunwell_D_01Red.tga";
 }
}

Frame taurenmale_Bone_Root {
 

 FrameTransformMatrix {
  0.000000,0.000000,-0.500000,0.000000,0.000000,0.500000,0.000000,0.000000,0.500000,0.000000,0.000000,0.000000,0.000000,0.000000,0.000000,1.000000;;
 }

 Frame taurenmale_Bone0 {
  

  FrameTransformMatrix {
   1.000000,0.000000,0.000000,0.000000,0.000000,1.000000,0.000000,0.000000,0.000000,0.000000,1.000000,0.000000,0.000000,0.000000,0.000000,1.000000;;
  }

  Frame taurenmale_Bone1 {
   

   FrameTransformMatrix {
    1.000000,0.000000,0.000000,0.000000,0.000000,1.000000,0.000000,0.000000,0.000000,0.000000,1.000000,0.000000,0.000000,1.084995,0.000000,1.000000;;
   }

   Frame taurenmale_Bone2_Root {
    

    FrameTransformMatrix {
     0.956771,0.003017,-0.290827,0.000000,-0.002658,0.999995,0.001629,0.000000,0.290831,-0.000786,0.956774,0.000000,-0.030801,-0.030256,0.000000,1.000000;;
    }

    Frame taurenmale_Bone4_Waist {
     

     FrameTransformMatrix {
      0.997005,0.001335,-0.077329,0.000000,0.000238,0.999793,0.020331,0.000000,0.077340,-0.020288,0.996798,0.000000,-0.052829,0.286622,0.000000,1.000000;;
     }

     Frame taurenmale_Bone10 {
      

      FrameTransformMatrix {
       1.000000,0.000000,-0.000000,0.000000,0.000000,1.000000,-0.000000,0.000000,0.000000,-0.000000,1.000000,0.000000,0.364985,0.108392,0.225569,1.000000;;
      }
     }

     Frame taurenmale_Bone11 {
      

      FrameTransformMatrix {
       1.000000,0.000000,-0.000000,0.000000,0.000000,1.000000,-0.000000,0.000000,0.000000,-0.000000,1.000000,0.000000,0.364985,0.141079,-0.225569,1.000000;;
      }
     }

     Frame taurenmale_Bone12 {
      

      FrameTransformMatrix {
       0.918248,-0.122830,0.376475,0.000000,0.140358,0.989911,-0.019371,0.000000,-0.370298,0.070629,0.926224,0.000000,0.331807,0.431057,-0.055121,1.000000;;
      }

      Frame taurenmale_Bone20_ShoulderL {
       

       FrameTransformMatrix {
        1.000000,0.000000,0.000000,0.000000,0.000000,1.000000,0.000000,0.000000,0.000000,-0.000000,1.000000,0.000000,0.146938,0.010414,-0.000000,1.000000;;
       }

       Frame taurenmale_Bone30 {
        

        FrameTransformMatrix {
         1.000000,0.000000,0.000000,0.000000,0.000000,1.000000,-0.000000,0.000000,0.000000,0.000000,1.000000,0.000000,0.221281,-0.035972,-0.000369,1.000000;;
        }
       }

       Frame taurenmale_Bone31 {
        

        FrameTransformMatrix {
         1.000000,0.000000,0.000000,0.000000,0.000000,1.000000,-0.000000,0.000000,0.000000,0.000000,1.000000,0.000000,0.195580,-0.035972,-0.000369,1.000000;;
        }
       }

       Frame taurenmale_Bone32 {
        

        FrameTransformMatrix {
         1.000000,0.000000,0.000000,0.000000,0.000000,1.000000,-0.000000,0.000000,0.000000,0.000000,1.000000,0.000000,0.212257,-0.034599,-0.054390,1.000000;;
        }
       }

       Frame taurenmale_Bone33 {
        

        FrameTransformMatrix {
         1.000000,0.000000,0.000000,0.000000,0.000000,1.000000,-0.000000,0.000000,0.000000,0.000000,1.000000,0.000000,0.212257,-0.034358,0.052664,1.000000;;
        }
       }

       Frame taurenmale_Bone34 {
        

        FrameTransformMatrix {
         1.000000,0.000000,0.000000,0.000000,0.000000,1.000000,-0.000000,0.000000,0.000000,0.000000,1.000000,0.000000,0.015924,-0.052990,0.126818,1.000000;;
        }
       }

       Frame taurenmale_Bone35 {
        

        FrameTransformMatrix {
         1.000000,0.000000,0.000000,0.000000,0.000000,1.000000,-0.000000,0.000000,0.000000,0.000000,1.000000,0.000000,0.015924,-0.056903,-0.131495,1.000000;;
        }
       }

       Frame taurenmale_Bone36 {
        

        FrameTransformMatrix {
         1.000000,0.000000,0.000000,0.000000,0.000000,1.000000,-0.000000,0.000000,0.000000,0.000000,1.000000,0.000000,0.213306,-0.010439,0.038029,1.000000;;
        }
       }

       Frame taurenmale_Bone37 {
        

        FrameTransformMatrix {
         1.000000,0.000000,0.000000,0.000000,0.000000,1.000000,-0.000000,0.000000,0.000000,0.000000,1.000000,0.000000,0.226254,-0.010439,-0.038028,1.000000;;
        }
       }

       Frame taurenmale_Bone38 {
        

        FrameTransformMatrix {
         1.000000,0.000000,0.000000,0.000000,0.000000,1.000000,-0.000000,0.000000,0.000000,0.000000,1.000000,0.000000,0.069898,-0.127196,0.000000,1.000000;;
        }

        Frame taurenmale_Bone48 {
         

         FrameTransformMatrix {
          0.983017,0.183513,-0.000779,0.000000,-0.183391,0.982190,-0.040867,0.000000,-0.006734,0.040316,0.999164,0.000000,0.196852,-0.123895,0.000000,1.000000;;
         }

         Frame taurenmale_Bone53 {
          

          FrameTransformMatrix {
           0.998741,0.050117,-0.002252,0.000000,-0.049991,0.990471,-0.128326,0.000000,-0.004201,0.128277,0.991729,0.000000,-0.004322,-0.249962,0.000000,1.000000;;
          }

          Frame taurenmale_Bone60_LFingerMiddle {
           

           FrameTransformMatrix {
            0.996060,0.088574,-0.004473,0.000000,-0.086812,0.963441,-0.253466,0.000000,-0.018141,0.252856,0.967334,0.000000,-0.001681,-0.097208,-0.000000,1.000000;;
           }
          }
         }
        }
       }

       Frame taurenmale_Bone39_Jaw {
        

        FrameTransformMatrix {
         1.000000,0.000000,0.000000,0.000000,0.000000,1.000000,-0.000000,0.000000,0.000000,0.000000,1.000000,0.000000,0.110484,-0.185437,0.121483,1.000000;;
        }
       }

       Frame taurenmale_Bone40 {
        

        FrameTransformMatrix {
         1.000000,0.000000,0.000000,0.000000,0.000000,1.000000,-0.000000,0.000000,0.000000,0.000000,1.000000,0.000000,0.293602,-0.127447,0.000000,1.000000;;
        }
       }

       Frame taurenmale_Bone124 {
        

        FrameTransformMatrix {
         1.000000,0.000000,0.000000,0.000000,0.000000,1.000000,-0.000000,0.000000,0.000000,0.000000,1.000000,0.000000,0.343786,-0.183314,0.000000,1.000000;;
        }
       }

       Frame taurenmale_Bone125_Breath {
        

        FrameTransformMatrix {
         1.000000,0.000000,0.000000,0.000000,0.000000,1.000000,-0.000000,0.000000,0.000000,0.000000,1.000000,0.000000,0.344837,-0.164543,0.000000,1.000000;;
        }
       }

       Frame taurenmale_Bone126_BTH {
        

        FrameTransformMatrix {
         1.000000,0.000000,0.000000,0.000000,0.000000,1.000000,-0.000000,0.000000,0.000000,0.000000,1.000000,0.000000,0.000000,0.000000,0.000000,1.000000;;
        }
       }

       Frame taurenmale_Bone123 {
        

        FrameTransformMatrix {
         1.000000,0.000000,0.000000,0.000000,0.000000,1.000000,-0.000000,0.000000,-0.000000,0.000000,1.000000,0.000000,0.175119,0.084819,0.000000,1.000000;;
        }
       }
      }

      Frame taurenmale_Bone21_Head {
       

       FrameTransformMatrix {
        0.916042,0.161293,-0.367220,0.000000,-0.229701,0.961528,-0.150668,0.000000,0.328791,0.222369,0.917850,0.000000,0.164328,0.021748,0.161528,1.000000;;
       }

       Frame taurenmale_Bone41 {
        

        FrameTransformMatrix {
         0.998846,0.047147,0.009227,0.000000,-0.048001,0.971626,0.231600,0.000000,0.001954,-0.231776,0.972768,0.000000,0.001956,-0.294443,-0.067979,1.000000;;
        }

        Frame taurenmale_Bone49 {
         

         FrameTransformMatrix {
          0.994118,0.107830,-0.010168,0.000000,-0.107976,0.979357,-0.170886,0.000000,-0.008468,0.170979,0.985238,0.000000,0.000826,-0.124313,0.013066,1.000000;;
         }
        }
       }
      }

      Frame taurenmale_Bone22 {
       

       FrameTransformMatrix {
        0.913577,0.170831,-0.369043,0.000000,-0.083542,0.966972,0.240804,0.000000,0.397991,-0.189163,0.897675,0.000000,0.046906,0.027789,-0.127332,1.000000;;
       }

       Frame taurenmale_Bone42 {
        

        FrameTransformMatrix {
         0.998790,0.048518,-0.008089,0.000000,-0.046854,0.888405,-0.456662,0.000000,-0.014970,0.456488,0.889604,0.000000,0.001956,-0.294443,0.067979,1.000000;;
        }

        Frame taurenmale_Bone50 {
         

         FrameTransformMatrix {
          0.997467,0.070499,0.009505,0.000000,-0.063531,0.942946,-0.326829,0.000000,-0.032004,0.325398,0.945036,0.000000,0.000826,-0.124313,-0.013066,1.000000;;
         }
        }
       }
      }
     }

     Frame taurenmale_Bone18 {
      

      FrameTransformMatrix {
       1.000000,0.000000,-0.000000,0.000000,0.000000,1.000000,-0.000000,0.000000,-0.000000,-0.000000,1.000000,0.000000,0.130182,0.430469,-0.034722,1.000000;;
      }

      Frame taurenmale_Bone23 {
       

       FrameTransformMatrix {
        0.909291,-0.160254,-0.384068,0.000000,0.309588,0.877219,0.366935,0.000000,0.278109,-0.452554,0.847260,0.000000,-0.019301,-0.052826,-0.257019,1.000000;;
       }

       Frame taurenmale_Bone43 {
        

        FrameTransformMatrix {
         0.867322,0.481361,0.126666,0.000000,-0.460468,0.872577,-0.163033,0.000000,-0.189003,0.083076,0.978456,0.000000,-0.132281,-0.445680,-0.184040,1.000000;;
        }

        Frame taurenmale_Bone51 {
         

         FrameTransformMatrix {
          0.979621,0.172740,0.102489,0.000000,-0.169601,0.984755,-0.038656,0.000000,-0.107604,0.020486,0.993983,0.000000,0.119917,-0.414226,-0.107551,1.000000;;
         }

         Frame taurenmale_Bone54 {
          

          FrameTransformMatrix {
           0.860393,-0.509610,-0.004696,0.000000,0.393867,0.670772,-0.628438,0.000000,0.323408,0.538854,0.777846,0.000000,-0.060373,-0.179793,-0.064765,1.000000;;
          }

          Frame taurenmale_Bone61 {
           

           FrameTransformMatrix {
            0.897673,-0.290452,0.331393,0.000000,0.434825,0.705845,-0.559206,0.000000,-0.071489,0.646082,0.759913,0.000000,0.018715,-0.093142,0.020651,1.000000;;
           }
          }
         }

         Frame taurenmale_Bone55_RFingerMiddle {
          

          FrameTransformMatrix {
           0.865131,-0.479118,0.148305,0.000000,0.462799,0.648634,-0.604228,0.000000,0.193301,0.591372,0.782888,0.000000,0.066023,-0.169169,-0.076728,1.000000;;
          }

          Frame taurenmale_Bone62 {
           

           FrameTransformMatrix {
            0.886316,-0.090914,0.454069,0.000000,0.414428,0.593232,-0.690163,0.000000,-0.206623,0.799881,0.563468,0.000000,0.050447,-0.140053,0.034371,1.000000;;
           }
          }
         }

         Frame taurenmale_Bone56_RFingerIndex {
          

          FrameTransformMatrix {
           0.900571,-0.431581,0.052068,0.000000,0.414576,0.888706,0.195777,0.000000,-0.130767,-0.154725,0.979265,0.000000,0.059803,-0.056167,0.061853,1.000000;;
          }

          Frame taurenmale_Bone63 {
           

           FrameTransformMatrix {
            0.356982,-0.933950,-0.017336,0.000000,0.922274,0.349452,0.165212,0.000000,-0.148242,-0.074966,0.986106,0.000000,0.072268,-0.063546,0.013837,1.000000;;
           }
          }
         }

         Frame taurenmale_Bone138 {
          

          FrameTransformMatrix {
           1.000000,0.000000,0.000000,0.000000,-0.000000,1.000000,0.000000,0.000000,0.000000,0.000000,1.000000,0.000000,0.071845,-0.206768,0.012276,1.000000;;
          }
         }

         Frame taurenmale_Bone139 {
          

          FrameTransformMatrix {
           1.000000,0.000000,0.000000,0.000000,-0.000000,1.000000,0.000000,0.000000,0.000000,0.000000,1.000000,0.000000,0.027570,-0.196393,0.094242,1.000000;;
          }
         }

         Frame taurenmale_Bone140 {
          

          FrameTransformMatrix {
           1.000000,0.000000,0.000000,0.000000,-0.000000,1.000000,0.000000,0.000000,0.000000,0.000000,1.000000,0.000000,0.619296,-0.905239,-0.282676,1.000000;;
          }
         }

         Frame taurenmale_Bone141 {
          

          FrameTransformMatrix {
           1.000000,0.000000,0.000000,0.000000,-0.000000,1.000000,0.000000,0.000000,0.000000,0.000000,1.000000,0.000000,0.027512,-0.206780,0.012278,1.000000;;
          }
         }

         Frame taurenmale_Bone135 {
          

          FrameTransformMatrix {
           1.000000,0.000000,-0.000000,0.000000,-0.000000,1.000000,0.000000,0.000000,0.000000,0.000000,1.000000,0.000000,0.020935,-0.229066,0.010510,1.000000;;
          }
         }
        }

        Frame taurenmale_Bone128 {
         

         FrameTransformMatrix {
          1.000000,0.000000,0.000000,0.000000,0.000000,1.000000,-0.000000,0.000000,0.000000,0.000000,1.000000,0.000000,-0.140384,0.006352,-0.020159,1.000000;;
         }
        }
       }

       Frame taurenmale_Bone121 {
        

        FrameTransformMatrix {
         1.000000,0.000000,0.000000,0.000000,-0.000000,1.000000,0.000000,0.000000,-0.000000,-0.000000,1.000000,0.000000,0.021423,0.127167,-0.116675,1.000000;;
        }

        Frame taurenmale_Bone130 {
         

         FrameTransformMatrix {
          1.000000,-0.000000,0.000000,0.000000,-0.000000,1.000000,-0.000000,0.000000,0.000000,-0.000000,1.000000,0.000000,-0.004712,0.185956,0.197128,1.000000;;
         }
        }
       }
      }

      Frame taurenmale_Bone119_CCH {
       

       FrameTransformMatrix {
        1.000000,0.000000,-0.000000,0.000000,0.000000,1.000000,0.000000,0.000000,-0.000000,0.000000,1.000000,0.000000,-0.045764,-0.022215,-0.298640,1.000000;;
       }
      }
     }

     Frame taurenmale_Bone19_ShoulderR {
      

      FrameTransformMatrix {
       1.000000,0.000000,-0.000000,0.000000,0.000000,1.000000,-0.000000,0.000000,0.000000,-0.000000,1.000000,0.000000,0.130182,0.430469,0.034722,1.000000;;
      }

      Frame taurenmale_Bone24_ArmR {
       

       FrameTransformMatrix {
        0.992031,0.090836,-0.087313,0.000000,-0.111373,0.956235,-0.270573,0.000000,0.058914,0.278141,0.958732,0.000000,-0.010678,-0.064043,0.251036,1.000000;;
       }

       Frame taurenmale_Bone44 {
        

        FrameTransformMatrix {
         0.849676,0.512358,-0.124658,0.000000,-0.481285,0.850128,0.213651,0.000000,0.215441,-0.121538,0.968924,0.000000,-0.147860,-0.434403,0.198573,1.000000;;
        }

        Frame taurenmale_Bone52 {
         

         FrameTransformMatrix {
          0.949337,0.074330,-0.305342,0.000000,-0.203275,0.886230,-0.416265,0.000000,0.239663,0.457244,0.856440,0.000000,0.126873,-0.414286,0.099002,1.000000;;
         }

         Frame taurenmale_Bone57_RThumb {
          

          FrameTransformMatrix {
           0.904431,0.371527,-0.209695,0.000000,-0.315242,0.913190,0.258278,0.000000,0.287449,-0.167490,0.943038,0.000000,0.059803,-0.056167,-0.061853,1.000000;;
          }

          Frame taurenmale_Bone64 {
           

           FrameTransformMatrix {
            1.000000,0.000000,-0.000000,0.000000,0.000000,1.000000,-0.000000,0.000000,0.000000,-0.000000,1.000000,0.000000,0.071075,-0.064247,-0.026003,1.000000;;
           }
          }
         }

         Frame taurenmale_Bone58_LThumb {
          

          FrameTransformMatrix {
           0.976514,0.007915,-0.215310,0.000000,-0.022286,0.997676,-0.064400,0.000000,0.214300,0.067686,0.974420,0.000000,0.082670,-0.168201,0.063251,1.000000;;
          }

          Frame taurenmale_Bone65 {
           

           FrameTransformMatrix {
            0.989448,0.092948,-0.111148,0.000000,-0.038530,0.908290,0.416563,0.000000,0.139673,-0.407885,0.902287,0.000000,0.047255,-0.135825,-0.035621,1.000000;;
           }
          }
         }

         Frame taurenmale_Bone59_LFingerIndex {
          

          FrameTransformMatrix {
           0.998555,0.011794,0.052429,0.000000,-0.024870,0.966278,0.256298,0.000000,-0.047639,-0.257232,0.965175,0.000000,-0.059432,-0.183636,0.065281,1.000000;;
          }

          Frame taurenmale_Bone66 {
           

           FrameTransformMatrix {
            0.984357,0.143693,-0.101953,0.000000,-0.051652,0.788592,0.612744,0.000000,0.168446,-0.597893,0.783678,0.000000,0.018797,-0.085597,-0.033797,1.000000;;
           }
          }
         }

         Frame taurenmale_Bone137 {
          

          FrameTransformMatrix {
           1.000000,0.000000,-0.000000,0.000000,-0.000000,1.000000,-0.000000,0.000000,-0.000000,0.000000,1.000000,0.000000,0.054180,-0.214615,-0.020243,1.000000;;
          }
         }

         Frame taurenmale_Bone142_CSR {
          

          FrameTransformMatrix {
           1.000000,0.000000,-0.000000,0.000000,-0.000000,1.000000,-0.000000,0.000000,-0.000000,0.000000,1.000000,0.000000,0.027512,-0.206780,-0.012278,1.000000;;
          }
         }

         Frame taurenmale_Bone136 {
          

          FrameTransformMatrix {
           1.000000,0.000000,0.000000,0.000000,-0.000000,1.000000,-0.000000,0.000000,0.000000,0.000000,1.000000,0.000000,0.009837,-0.214615,-0.020243,1.000000;;
          }

          Frame taurenmale_Bone143_CSL {
           

           FrameTransformMatrix {
            1.000000,0.000000,-0.000000,0.000000,-0.000000,1.000000,0.000000,0.000000,-0.000000,-0.000000,1.000000,0.000000,-0.000376,-0.047198,0.067954,1.000000;;
           }
          }
         }
        }

        Frame taurenmale_Bone134 {
         

         FrameTransformMatrix {
          1.000000,0.000000,-0.000000,0.000000,0.000000,1.000000,-0.000000,0.000000,0.000000,-0.000000,1.000000,0.000000,0.075682,-0.415407,0.474523,1.000000;;
         }
        }

        Frame taurenmale_Bone127_CHD {
         

         FrameTransformMatrix {
          1.000000,0.000000,0.000000,0.000000,-0.000000,1.000000,-0.000000,0.000000,0.000000,-0.000000,1.000000,0.000000,0.075682,-0.415407,0.335634,1.000000;;
         }
        }

        Frame taurenmale_Bone129 {
         

         FrameTransformMatrix {
          1.000000,0.000000,0.000000,0.000000,-0.000000,1.000000,-0.000000,0.000000,0.000000,-0.000000,1.000000,0.000000,-0.134591,-0.015591,0.001322,1.000000;;
         }
        }
       }

       Frame taurenmale_Bone122 {
        

        FrameTransformMatrix {
         1.000000,-0.000000,-0.000000,0.000000,0.000000,1.000000,0.000000,0.000000,0.000000,0.000000,1.000000,0.000000,0.012799,0.138384,0.122658,1.000000;;
        }

        Frame taurenmale_Bone131 {
         

         FrameTransformMatrix {
          1.000000,-0.000000,-0.000000,0.000000,0.000000,1.000000,0.000000,0.000000,-0.000000,0.000000,1.000000,0.000000,-0.001668,-0.181196,0.201593,1.000000;;
         }
        }
       }
      }

      Frame taurenmale_Bone120 {
       

       FrameTransformMatrix {
        1.000000,0.000000,-0.000000,0.000000,0.000000,1.000000,-0.000000,0.000000,0.000000,0.000000,1.000000,0.000000,-0.045764,-0.022215,0.292490,1.000000;;
       }
      }
     }

     Frame taurenmale_Bone109 {
      

      FrameTransformMatrix {
       1.000000,0.000000,-0.000000,0.000000,0.000000,1.000000,-0.000000,0.000000,0.000000,-0.000000,1.000000,0.000000,0.351350,0.181377,-0.000000,1.000000;;
      }
     }

     Frame taurenmale_Bone110 {
      

      FrameTransformMatrix {
       1.000000,0.000000,-0.000000,0.000000,0.000000,1.000000,-0.000000,0.000000,0.000000,-0.000000,1.000000,0.000000,-0.311193,0.182173,0.000000,1.000000;;
      }
     }

     Frame taurenmale_Bone111 {
      

      FrameTransformMatrix {
       1.000000,0.000000,-0.000000,0.000000,0.000000,1.000000,-0.000000,0.000000,0.000000,-0.000000,1.000000,0.000000,-0.274254,0.616771,-0.358500,1.000000;;
      }
     }

     Frame taurenmale_Bone112 {
      

      FrameTransformMatrix {
       1.000000,0.000000,-0.000000,0.000000,0.000000,1.000000,-0.000000,0.000000,0.000000,-0.000000,1.000000,0.000000,-0.372582,0.616775,0.358510,1.000000;;
      }
     }

     Frame taurenmale_Bone113 {
      

      FrameTransformMatrix {
       1.000000,0.000000,-0.000000,0.000000,0.000000,1.000000,-0.000000,0.000000,0.000000,-0.000000,1.000000,0.000000,-0.354662,0.262733,0.000000,1.000000;;
      }
     }

     Frame taurenmale_Bone114 {
      

      FrameTransformMatrix {
       1.000000,0.000000,-0.000000,0.000000,0.000000,1.000000,-0.000000,0.000000,0.000000,-0.000000,1.000000,0.000000,-0.350356,0.194516,0.096469,1.000000;;
      }
     }

     Frame taurenmale_Bone115 {
      

      FrameTransformMatrix {
       1.000000,0.000000,-0.000000,0.000000,0.000000,1.000000,-0.000000,0.000000,0.000000,-0.000000,1.000000,0.000000,-0.272266,0.199207,-0.098810,1.000000;;
      }
     }

     Frame taurenmale_Bone116 {
      

      FrameTransformMatrix {
       1.000000,0.000000,-0.000000,0.000000,0.000000,1.000000,-0.000000,0.000000,0.000000,-0.000000,1.000000,0.000000,0.342470,0.047432,-0.000000,1.000000;;
      }

      Frame taurenmale_Bone118 {
       

       FrameTransformMatrix {
        1.000000,0.000000,-0.000000,0.000000,0.000000,1.000000,-0.000000,0.000000,0.000000,0.000000,1.000000,0.000000,0.000000,0.000000,0.000000,1.000000;;
       }
      }
     }

     Frame taurenmale_Bone117 {
      

      FrameTransformMatrix {
       1.000000,0.000000,-0.000000,0.000000,0.000000,1.000000,-0.000000,0.000000,0.000000,-0.000000,1.000000,0.000000,0.000000,0.000000,0.000000,1.000000;;
      }
     }

     Frame taurenmale_Bone108 {
      

      FrameTransformMatrix {
       1.000000,-0.000000,-0.000000,0.000000,-0.000000,1.000000,-0.000000,0.000000,-0.000000,0.000000,1.000000,0.000000,-0.352121,0.181377,-0.000000,1.000000;;
      }
     }
    }

    Frame taurenmale_Bone92 {
     

     FrameTransformMatrix {
      1.000000,0.000000,-0.000000,0.000000,0.000000,1.000000,0.000000,0.000000,-0.000000,0.000000,1.000000,0.000000,0.030801,0.058427,-0.000000,1.000000;;
     }
    }

    Frame taurenmale_Bone93 {
     

     FrameTransformMatrix {
      1.000000,0.000000,-0.000000,0.000000,0.000000,1.000000,0.000000,0.000000,-0.000000,0.000000,1.000000,0.000000,0.030801,0.058427,-0.000000,1.000000;;
     }
    }

    Frame taurenmale_Bone94 {
     

     FrameTransformMatrix {
      1.000000,0.000000,-0.000000,0.000000,0.000000,1.000000,0.000000,0.000000,-0.000000,0.000000,1.000000,0.000000,0.030801,0.058427,-0.000000,1.000000;;
     }
    }

    Frame taurenmale_Bone95 {
     

     FrameTransformMatrix {
      1.000000,0.000000,-0.000000,0.000000,0.000000,1.000000,0.000000,0.000000,-0.000000,0.000000,1.000000,0.000000,0.030801,0.058427,-0.000000,1.000000;;
     }
    }

    Frame taurenmale_Bone96 {
     

     FrameTransformMatrix {
      1.000000,0.000000,-0.000000,0.000000,0.000000,1.000000,0.000000,0.000000,-0.000000,0.000000,1.000000,0.000000,0.030801,0.071054,-0.000000,1.000000;;
     }
    }

    Frame taurenmale_Bone97 {
     

     FrameTransformMatrix {
      1.000000,0.000000,-0.000000,0.000000,0.000000,1.000000,0.000000,0.000000,-0.000000,0.000000,1.000000,0.000000,0.030801,0.071054,-0.000000,1.000000;;
     }
    }

    Frame taurenmale_Bone98 {
     

     FrameTransformMatrix {
      1.000000,0.000000,-0.000000,0.000000,0.000000,1.000000,0.000000,0.000000,-0.000000,0.000000,1.000000,0.000000,0.030801,0.058427,-0.000000,1.000000;;
     }
    }

    Frame taurenmale_Bone99 {
     

     FrameTransformMatrix {
      1.000000,0.000000,-0.000000,0.000000,0.000000,1.000000,0.000000,0.000000,-0.000000,0.000000,1.000000,0.000000,0.030801,0.058427,-0.000000,1.000000;;
     }
    }

    Frame taurenmale_Bone100 {
     

     FrameTransformMatrix {
      1.000000,0.000000,-0.000000,0.000000,0.000000,1.000000,0.000000,0.000000,-0.000000,0.000000,1.000000,0.000000,0.030801,0.058427,-0.000000,1.000000;;
     }
    }

    Frame taurenmale_Bone101 {
     

     FrameTransformMatrix {
      1.000000,0.000000,-0.000000,0.000000,0.000000,1.000000,0.000000,0.000000,-0.000000,0.000000,1.000000,0.000000,0.030794,0.058427,-0.000000,1.000000;;
     }
    }

    Frame taurenmale_Bone102 {
     

     FrameTransformMatrix {
      1.000000,0.000000,-0.000000,0.000000,0.000000,1.000000,0.000000,0.000000,-0.000000,0.000000,1.000000,0.000000,0.030801,0.058427,-0.000000,1.000000;;
     }
    }

    Frame taurenmale_Bone103 {
     

     FrameTransformMatrix {
      1.000000,0.000000,-0.000000,0.000000,0.000000,1.000000,0.000000,0.000000,-0.000000,0.000000,1.000000,0.000000,0.030801,0.058427,-0.000000,1.000000;;
     }
    }

    Frame taurenmale_Bone104 {
     

     FrameTransformMatrix {
      1.000000,0.000000,-0.000000,0.000000,0.000000,1.000000,0.000000,0.000000,-0.000000,0.000000,1.000000,0.000000,0.030801,0.058427,-0.000000,1.000000;;
     }
    }

    Frame taurenmale_Bone105 {
     

     FrameTransformMatrix {
      1.000000,0.000000,-0.000000,0.000000,0.000000,1.000000,0.000000,0.000000,-0.000000,0.000000,1.000000,0.000000,0.030801,0.058427,-0.000000,1.000000;;
     }
    }
   }

   Frame taurenmale_Bone3_SpineLow {
    

    FrameTransformMatrix {
     0.873925,-0.090574,-0.477547,0.000000,0.097070,0.995216,-0.011117,0.000000,0.476269,-0.036640,0.878536,0.000000,0.003599,-0.060973,0.000000,1.000000;;
    }

    Frame taurenmale_Bone5 {
     

     FrameTransformMatrix {
      0.991173,-0.091064,-0.096351,0.000000,0.117862,0.938029,0.325899,0.000000,0.060703,-0.334378,0.940482,0.000000,-0.000302,-0.156245,-0.188999,1.000000;;
     }

     Frame taurenmale_Bone13 {
      

      FrameTransformMatrix {
       0.975172,-0.220888,-0.015759,0.000000,0.220564,0.975167,-0.020001,0.000000,0.019785,0.016029,0.999676,0.000000,0.153594,-0.384869,-0.043541,1.000000;;
      }

      Frame taurenmale_Bone25_ArmL {
       

       FrameTransformMatrix {
        0.987463,0.157263,0.013616,0.000000,-0.157427,0.987459,0.011902,0.000000,-0.011574,-0.013896,0.999836,0.000000,-0.307777,-0.127121,0.014996,1.000000;;
       }

       Frame taurenmale_Bone45 {
        

        FrameTransformMatrix {
         0.971860,0.234708,0.020025,0.000000,-0.211034,0.905289,-0.368670,0.000000,-0.104658,0.354069,0.929345,0.000000,0.111819,-0.190473,-0.024483,1.000000;;
        }

        Frame taurenmale_Bone133 {
         

         FrameTransformMatrix {
          1.000000,-0.000000,-0.000000,0.000000,0.000000,1.000000,0.000000,0.000000,0.000000,-0.000000,1.000000,0.000000,0.000000,0.000000,0.000000,1.000000;;
         }
        }
       }
      }
     }

     Frame taurenmale_Bone106 {
      

      FrameTransformMatrix {
       1.000000,-0.000000,0.000000,0.000000,0.000000,1.000000,-0.000000,0.000000,0.000000,0.000000,1.000000,0.000000,0.281291,-0.438844,-0.045784,1.000000;;
      }
     }
    }

    Frame taurenmale_Bone6 {
     

     FrameTransformMatrix {
      0.936124,0.303420,0.177788,0.000000,-0.246690,0.926877,-0.282920,0.000000,-0.250631,0.220990,0.942522,0.000000,-0.000302,-0.156245,0.188999,1.000000;;
     }

     Frame taurenmale_Bone14 {
      

      FrameTransformMatrix {
       0.905461,-0.423616,0.026255,0.000000,0.422380,0.905436,0.042209,0.000000,-0.041653,-0.027129,0.998764,0.000000,0.153153,-0.385048,0.043513,1.000000;;
      }

      Frame taurenmale_Bone26 {
       

       FrameTransformMatrix {
        0.952318,0.303786,-0.028353,0.000000,-0.304409,0.952309,-0.021030,0.000000,0.020612,0.028658,0.999377,0.000000,-0.307735,-0.127223,-0.014991,1.000000;;
       }

       Frame taurenmale_Bone46 {
        

        FrameTransformMatrix {
         0.957913,-0.159097,0.238938,0.000000,0.111210,0.973040,0.202052,0.000000,-0.264642,-0.166975,0.949781,0.000000,0.112220,-0.190235,0.024494,1.000000;;
        }

        Frame taurenmale_Bone132 {
         

         FrameTransformMatrix {
          1.000000,0.000000,-0.000000,0.000000,-0.000000,1.000000,0.000000,0.000000,0.000000,0.000000,1.000000,0.000000,0.000000,0.000000,0.000000,1.000000;;
         }
        }
       }
      }
     }

     Frame taurenmale_Bone107 {
      

      FrameTransformMatrix {
       1.000000,0.000000,0.000000,0.000000,-0.000000,1.000000,-0.000000,0.000000,-0.000000,0.000000,1.000000,0.000000,0.279451,-0.451067,0.034780,1.000000;;
      }
     }
    }

    Frame taurenmale_Bone7 {
     

     FrameTransformMatrix {
      0.995708,-0.085327,0.035840,0.000000,0.084031,0.995805,0.036211,0.000000,-0.038780,-0.033044,0.998702,0.000000,-0.290072,-0.085530,-0.000000,1.000000;;
     }

     Frame taurenmale_Bone15 {
      

      FrameTransformMatrix {
       0.886503,-0.445121,-0.126414,0.000000,0.393218,0.868690,-0.301260,0.000000,0.243912,0.217360,0.945126,0.000000,-0.130463,-0.131398,-0.000000,1.000000;;
      }

      Frame taurenmale_Bone27 {
       

       FrameTransformMatrix {
        0.979160,-0.203087,0.001429,0.000000,0.202956,0.978737,0.029718,0.000000,-0.007434,-0.028808,0.999557,0.000000,-0.123372,-0.294156,-0.000000,1.000000;;
       }

       Frame taurenmale_Bone47 {
        

        FrameTransformMatrix {
         0.968693,0.246161,0.032224,0.000000,-0.208764,0.737443,0.642336,0.000000,0.134355,-0.628954,0.765745,0.000000,-0.013674,-0.272423,-0.000000,1.000000;;
        }
       }
      }
     }
    }

    Frame taurenmale_Bone8 {
     

     FrameTransformMatrix {
      0.989959,0.019377,0.140025,0.000000,-0.002136,0.992498,-0.122243,0.000000,-0.141343,0.120717,0.982573,0.000000,0.214886,-0.119250,0.000000,1.000000;;
     }

     Frame taurenmale_Bone16 {
      

      FrameTransformMatrix {
       0.994812,0.100504,0.015753,0.000000,-0.099630,0.993824,-0.048873,0.000000,-0.020568,0.047050,0.998681,0.000000,0.070558,-0.095995,0.000000,1.000000;;
      }

      Frame taurenmale_Bone28 {
       

       FrameTransformMatrix {
        0.998897,-0.045230,0.012645,0.000000,0.046106,0.995670,-0.080724,0.000000,-0.008939,0.081218,0.996656,0.000000,0.060248,-0.186556,0.000000,1.000000;;
       }
      }
     }
    }

    Frame taurenmale_Bone9 {
     

     FrameTransformMatrix {
      0.958585,0.284502,-0.013147,0.000000,-0.284626,0.955316,-0.079748,0.000000,-0.010129,0.080187,0.996728,0.000000,-0.289950,-0.175847,-0.000000,1.000000;;
     }

     Frame taurenmale_Bone17 {
      

      FrameTransformMatrix {
       0.982759,-0.184792,0.005979,0.000000,0.184885,0.982006,-0.038485,0.000000,0.001240,0.038927,0.999241,0.000000,-0.021512,-0.122351,-0.000000,1.000000;;
      }

      Frame taurenmale_Bone29 {
       

       FrameTransformMatrix {
        1.000000,0.000000,-0.000000,0.000000,0.000000,1.000000,0.000000,0.000000,-0.000000,0.000000,1.000000,0.000000,0.018405,-0.136353,-0.000000,1.000000;;
       }
      }
     }
    }

    Frame taurenmale_Bone90 {
     

     FrameTransformMatrix {
      1.000000,0.000000,0.000000,0.000000,0.000000,1.000000,0.000000,0.000000,0.000000,0.000000,1.000000,0.000000,0.135290,0.089144,0.277778,1.000000;;
     }
    }

    Frame taurenmale_Bone91 {
     

     FrameTransformMatrix {
      1.000000,0.000000,0.000000,0.000000,0.000000,1.000000,0.000000,0.000000,0.000000,0.000000,1.000000,0.000000,0.135290,0.089144,-0.277778,1.000000;;
     }
    }

    Frame taurenmale_Bone88 {
     

     FrameTransformMatrix {
      1.000000,0.000000,0.000000,0.000000,0.000000,1.000000,0.000000,0.000000,0.000000,0.000000,1.000000,0.000000,-0.018012,0.059321,-0.312500,1.000000;;
     }
    }

    Frame taurenmale_Bone89 {
     

     FrameTransformMatrix {
      1.000000,0.000000,0.000000,0.000000,0.000000,1.000000,0.000000,0.000000,0.000000,0.000000,1.000000,0.000000,-0.018012,0.059321,0.312500,1.000000;;
     }
    }
   }
  }
 }

 Frame taurenmale_Bone67 {
  

  FrameTransformMatrix {
   1.000000,0.000000,0.000000,0.000000,0.000000,1.000000,0.000000,0.000000,0.000000,0.000000,1.000000,0.000000,0.000000,2.541577,0.000000,1.000000;;
  }
 }

 Frame taurenmale_Bone68_Name {
  

  FrameTransformMatrix {
   1.000000,0.000000,0.000000,0.000000,0.000000,1.000000,0.000000,0.000000,0.000000,0.000000,1.000000,0.000000,0.000000,0.000000,0.000000,1.000000;;
  }
 }

 Frame taurenmale_Bone69 {
  

  FrameTransformMatrix {
   1.000000,0.000000,0.000000,0.000000,0.000000,1.000000,0.000000,0.000000,0.000000,0.000000,1.000000,0.000000,0.252180,2.093165,0.000000,1.000000;;
  }
 }

 Frame taurenmale_Bone70 {
  

  FrameTransformMatrix {
   1.000000,0.000000,0.000000,0.000000,0.000000,1.000000,0.000000,0.000000,0.000000,0.000000,1.000000,0.000000,0.111111,1.944444,0.000000,1.000000;;
  }
 }

 Frame taurenmale_Bone71_NameMount {
  

  FrameTransformMatrix {
   1.000000,0.000000,0.000000,0.000000,0.000000,1.000000,0.000000,0.000000,0.000000,0.000000,1.000000,0.000000,0.228676,0.033633,-0.219768,1.000000;;
  }
 }

 Frame taurenmale_Bone72 {
  

  FrameTransformMatrix {
   1.000000,0.000000,0.000000,0.000000,0.000000,1.000000,0.000000,0.000000,0.000000,0.000000,1.000000,0.000000,0.813657,0.000000,0.367632,1.000000;;
  }
 }

 Frame taurenmale_Bone73 {
  

  FrameTransformMatrix {
   1.000000,0.000000,0.000000,0.000000,0.000000,1.000000,0.000000,0.000000,0.000000,0.000000,1.000000,0.000000,0.711370,0.000000,0.253232,1.000000;;
  }
 }

 Frame taurenmale_Bone74 {
  

  FrameTransformMatrix {
   1.000000,0.000000,0.000000,0.000000,0.000000,1.000000,0.000000,0.000000,0.000000,0.000000,1.000000,0.000000,0.782075,0.000000,-0.391541,1.000000;;
  }
 }

 Frame taurenmale_Bone75 {
  

  FrameTransformMatrix {
   1.000000,0.000000,0.000000,0.000000,0.000000,1.000000,0.000000,0.000000,0.000000,0.000000,1.000000,0.000000,0.427346,0.000000,-0.319029,1.000000;;
  }
 }

 Frame taurenmale_Bone76 {
  

  FrameTransformMatrix {
   1.000000,0.000000,0.000000,0.000000,0.000000,1.000000,0.000000,0.000000,0.000000,0.000000,1.000000,0.000000,0.813657,0.000000,0.367632,1.000000;;
  }
 }

 Frame taurenmale_Bone77 {
  

  FrameTransformMatrix {
   1.000000,0.000000,0.000000,0.000000,0.000000,1.000000,0.000000,0.000000,0.000000,0.000000,1.000000,0.000000,0.782075,0.000000,-0.391541,1.000000;;
  }
 }

 Frame taurenmale_Bone78 {
  

  FrameTransformMatrix {
   1.000000,0.000000,0.000000,0.000000,0.000000,1.000000,0.000000,0.000000,0.000000,0.000000,1.000000,0.000000,0.000000,0.000000,0.000000,1.000000;;
  }
 }

 Frame taurenmale_Bone79 {
  

  FrameTransformMatrix {
   1.000000,0.000000,0.000000,0.000000,0.000000,1.000000,0.000000,0.000000,0.000000,0.000000,1.000000,0.000000,0.386876,0.000000,0.214058,1.000000;;
  }
 }

 Frame taurenmale_Bone80 {
  

  FrameTransformMatrix {
   1.000000,0.000000,0.000000,0.000000,0.000000,1.000000,0.000000,0.000000,0.000000,0.000000,1.000000,0.000000,0.466573,0.000000,-0.233702,1.000000;;
  }
 }

 Frame taurenmale_Bone81 {
  

  FrameTransformMatrix {
   1.000000,0.000000,0.000000,0.000000,0.000000,1.000000,0.000000,0.000000,0.000000,0.000000,1.000000,0.000000,0.000000,0.000000,0.000000,1.000000;;
  }
 }

 Frame taurenmale_Bone82 {
  

  FrameTransformMatrix {
   1.000000,0.000000,0.000000,0.000000,0.000000,1.000000,0.000000,0.000000,0.000000,0.000000,1.000000,0.000000,0.248927,0.000000,-0.195205,1.000000;;
  }
 }

 Frame taurenmale_Bone83 {
  

  FrameTransformMatrix {
   1.000000,0.000000,0.000000,0.000000,0.000000,1.000000,0.000000,0.000000,0.000000,0.000000,1.000000,0.000000,0.237298,0.000000,0.186631,1.000000;;
  }
 }

 Frame taurenmale_Bone84 {
  

  FrameTransformMatrix {
   1.000000,0.000000,0.000000,0.000000,0.000000,1.000000,0.000000,0.000000,0.000000,0.000000,1.000000,0.000000,-0.275695,0.000000,-0.274340,1.000000;;
  }
 }

 Frame taurenmale_Bone85 {
  

  FrameTransformMatrix {
   1.000000,0.000000,0.000000,0.000000,0.000000,1.000000,0.000000,0.000000,0.000000,0.000000,1.000000,0.000000,0.260838,0.000000,0.260933,1.000000;;
  }
 }

 Frame taurenmale_Bone86 {
  

  FrameTransformMatrix {
   1.000000,0.000000,0.000000,0.000000,0.000000,1.000000,0.000000,0.000000,0.000000,0.000000,1.000000,0.000000,0.297087,0.000000,-0.195205,1.000000;;
  }
 }

 Frame taurenmale_Bone87 {
  

  FrameTransformMatrix {
   1.000000,0.000000,0.000000,0.000000,0.000000,1.000000,0.000000,0.000000,0.000000,0.000000,1.000000,0.000000,0.237298,0.000000,0.186631,1.000000;;
  }
 }
}

Frame taurenmale_Bone144 {
 

 FrameTransformMatrix {
  -0.000000,0.000000,-1.000000,0.000000,0.000000,1.000000,0.000000,0.000000,1.000000,-0.000000,-0.000000,0.000000,0.560999,0.794807,-0.217196,1.000000;;
 }
}

Frame taurenmale_Bone109_ {
 

 FrameTransformMatrix {
  1.000000,0.000000,0.000000,0.000000,0.000000,1.000000,0.000000,0.000000,0.000000,0.000000,1.000000,0.000000,0.000000,0.000000,0.000000,1.000000;;
 }
}

Frame taurenmale_0 {
 

 FrameTransformMatrix {
  1.000000,0.000000,0.000000,0.000000,0.000000,1.000000,0.000000,0.000000,0.000000,0.000000,1.000000,0.000000,0.000000,0.000000,0.000000,1.000000;;
 }

 Mesh taurenmale_0 {
  589;
  -0.067721;0.804673;-0.337340;,
  -0.033186;0.818413;-0.322625;,
  -0.022902;0.797458;-0.311965;,
  -0.033186;0.818413;-0.322625;,
  -0.069644;0.839410;-0.311490;,
  -0.103666;0.814907;-0.323158;,
  -0.111980;0.793027;-0.312639;,
  -0.120080;0.841147;-0.263575;,
  -0.066977;0.788532;-0.329467;,
  -0.068243;0.805510;-0.273817;,
  -0.068924;0.812938;-0.232591;,
  -0.099142;0.798466;-0.257851;,
  -0.037042;0.801555;-0.257381;,
  -0.068924;0.812938;-0.232591;,
  -0.035914;0.777356;-0.313462;,
  -0.066110;0.771256;-0.330480;,
  -0.066761;0.781904;-0.314472;,
  -0.035914;0.777356;-0.313462;,
  -0.097016;0.774317;-0.313924;,
