xof 0303txt 0032
template ColorRGBA {
 <35ff44e0-6c7c-11cf-8f52-0040333594a3>
 FLOAT red;
 FLOAT green;
 FLOAT blue;
 FLOAT alpha;
}

template ColorRGB {
 <d3e16e81-7835-11cf-8f52-0040333594a3>
 FLOAT red;
 FLOAT green;
 FLOAT blue;
}

template Material {
 <3d82ab4d-62da-11cf-ab39-0020af71e433>
 ColorRGBA faceColor;
 FLOAT power;
 ColorRGB specularColor;
 ColorRGB emissiveColor;
 [...]
}

template TextureFilename {
 <a42790e1-7810-11cf-8f52-0040333594a3>
 STRING filename;
}

template Frame {
 <3d82ab46-62da-11cf-ab39-0020af71e433>
 [...]
}

template Matrix4x4 {
 <f6f23f45-7686-11cf-8f52-0040333594a3>
 array FLOAT matrix[16];
}

template FrameTransformMatrix {
 <f6f23f41-7686-11cf-8f52-0040333594a3>
 Matrix4x4 frameMatrix;
}

template Vector {
 <3d82ab5e-62da-11cf-ab39-0020af71e433>
 FLOAT x;
 FLOAT y;
 FLOAT z;
}

template MeshFace {
 <3d82ab5f-62da-11cf-ab39-0020af71e433>
 DWORD nFaceVertexIndices;
 array DWORD faceVertexIndices[nFaceVertexIndices];
}

template Mesh {
 <3d82ab44-62da-11cf-ab39-0020af71e433>
 DWORD nVertices;
 array Vector vertices[nVertices];
 DWORD nFaces;
 array MeshFace faces[nFaces];
 [...]
}

template MeshMaterialList {
 <f6f23f42-7686-11cf-8f52-0040333594a3>
 DWORD nMaterials;
 DWORD nFaceIndexes;
 array DWORD faceIndexes[nFaceIndexes];
 [Material <3d82ab4d-62da-11cf-ab39-0020af71e433>]
}

template VertexElement {
 <f752461c-1e23-48f6-b9f8-8350850f336f>
 DWORD Type;
 DWORD Method;
 DWORD Usage;
 DWORD UsageIndex;
}

template DeclData {
 <bf22e553-292c-4781-9fea-62bd554bdd93>
 DWORD nElements;
 array VertexElement Elements[nElements];
 DWORD nDWords;
 array DWORD data[nDWords];
}

template XSkinMeshHeader {
 <3cf169ce-ff7c-44ab-93c0-f78f62d172e2>
 WORD nMaxSkinWeightsPerVertex;
 WORD nMaxSkinWeightsPerFace;
 WORD nBones;
}

template SkinWeights {
 <6f0d123b-bad2-4167-a0d0-80224f25fabb>
 STRING transformNodeName;
 DWORD nWeights;
 array DWORD vertexIndices[nWeights];
 array FLOAT weights[nWeights];
 Matrix4x4 matrixOffset;
}

template AnimTicksPerSecond {
 <9e415a43-7ba6-4a73-8743-b73d47e88476>
 DWORD AnimTicksPerSecond;
}

template Animation {
 <3d82ab4f-62da-11cf-ab39-0020af71e433>
 [...]
}

template AnimationSet {
 <3d82ab50-62da-11cf-ab39-0020af71e433>
 [Animation <3d82ab4f-62da-11cf-ab39-0020af71e433>]
}

template FloatKeys {
 <10dd46a9-775b-11cf-8f52-0040333594a3>
 DWORD nValues;
 array FLOAT values[nValues];
}

template TimedFloatKeys {
 <f406b180-7b3b-11cf-8f52-0040333594a3>
 DWORD time;
 FloatKeys tfkeys;
}

template AnimationKey {
 <10dd46a8-775b-11cf-8f52-0040333594a3>
 DWORD keyType;
 DWORD nKeys;
 array TimedFloatKeys keys[nKeys];
}


Material Material__28 {
 0.588000;0.588000;0.588000;1.000000;;
 10.000000;
 0.000000;0.000000;0.000000;;
 0.000000;0.000000;0.000000;;

 TextureFilename {
  "Tornado2b.tga";
 }
}

Material Material__27 {
 0.588000;0.588000;0.588000;1.000000;;
 10.000000;
 0.000000;0.000000;0.000000;;
 0.000000;0.000000;0.000000;;

 TextureFilename {
  "GenericGlow_Black.tga";
 }
}

Frame Lightningstorm_cloud_state_Bone_Root {
 

 FrameTransformMatrix {
  0.000000,0.000000,-0.500000,0.000000,0.000000,0.500000,0.000000,0.000000,0.500000,0.000000,0.000000,0.000000,0.000000,0.000000,0.000000,1.000000;;
 }

 Frame Lightningstorm_cloud_state_Bone0 {
  

  FrameTransformMatrix {
   0.998501,0.000000,0.054731,0.000000,0.000000,1.000000,0.000000,0.000000,-0.054731,0.000000,0.998501,0.000000,0.156962,19.752290,-0.022682,1.000000;;
  }
 }

 Frame Lightningstorm_cloud_state_Bone1 {
  

  FrameTransformMatrix {
   0.999298,0.000000,0.037470,0.000000,0.000000,1.000000,0.000000,0.000000,-0.037470,0.000000,0.999298,0.000000,0.156962,19.407546,-0.022682,1.000000;;
  }

  Frame Lightningstorm_cloud_state_Bone3 {
   

   FrameTransformMatrix {
    0.849644,-0.098695,0.518039,0.000000,0.346511,0.844990,-0.407334,0.000000,-0.397536,0.525595,0.752140,0.000000,0.066154,-0.990885,0.127812,1.000000;;
   }
  }
 }

 Frame Lightningstorm_cloud_state_Bone2 {
  

  FrameTransformMatrix {
   1.000000,0.000000,0.000000,0.000000,0.000000,1.000000,0.000000,0.000000,0.000000,0.000000,1.000000,0.000000,0.026100,16.643733,-0.025695,1.000000;;
  }
 }
}

Frame Lightningstorm_cloud_state_0 {
 

 FrameTransformMatrix {
  1.000000,0.000000,0.000000,0.000000,0.000000,1.000000,0.000000,0.000000,0.000000,0.000000,1.000000,0.000000,0.000000,0.000000,0.000000,1.000000;;
 }

 Mesh Lightningstorm_cloud_state_0 {
  13;
  0.669119;9.225675;2.678855;,
  2.733491;9.225675;-0.764045;,
  3.401980;9.225674;2.023473;,
  -0.667860;9.225675;-2.896182;,
  -2.732232;9.225675;0.546719;,
  -3.400721;9.225674;-2.240800;,
  0.000629;8.840217;-0.108663;,
  2.065001;9.225674;-3.551564;,
  -0.667860;9.225675;-2.896182;,
  -2.063742;9.225674;3.334237;,
  2.733491;9.225675;-0.764045;,
  0.669119;9.225675;2.678855;,
  0.000629;8.840217;-0.108663;;
  8;
  3;0,1,2;,
  3;3,4,5;,
  3;4,3,6;,
  3;7,6,8;,
  3;6,7,1;,
  3;6,9,4;,
  3;9,6,0;,
  3;10,11,12;;

  MeshMaterialList {
   1;
   8;
   0,
   0,
   0,
   0,
   0,
   0,
   0,
   0;
   { Material__28 }
  }

  DeclData {
   2;
   2;0;3;0;,
   1;0;5;0;;
   65;
   1017732023,
   3212770809,
   1034980544,
   973078528,
   1056948224,
   1035308031,
   3212767009,
   3165529694,
   1056964608,
   973078528,
   3034239038,
   3212836864,
   3028497275,
   973078528,
   973078528,
   3181725305,
   3212762426,
   3175494382,
   1065336832,
   1056964608,
   3185328206,
   3212738878,
   3155387340,
   1056948224,
   1065336832,
   886755393,
   3212836864,
   881013628,
   1065336832,
   1065336832,
   3177071639,
   3212803249,
   3171239278,
   1056964608,
   1056964608,
   1028374064,
   3212760050,
   3181848590,
   1065336832,
   973078528,
   3170801949,
   3212687211,
   3187979314,
   1065336832,
   1056964608,
   3175857708,
   3212760050,
   1034364945,
   973078528,
   1065336832,
   1042655413,
   3212535687,
   1036429500,
   1056964608,
   973078528,
   1042655414,
   3212535686,
   1036429501,
   973078528,
   1056948224,
   1042655414,
   3212535686,
   1036429501,
   1056964608,
   1056964608;
  }

  XSkinMeshHeader {
   1;
   1;
   1;
  }

  SkinWeights {
   "Lightningstorm_cloud_state_Bone0";
   13;
   0,
   1,
   2,
   3,
   4,
   5,
   6,
   7,
   8,
   9,
   10,
   11,
   12;
   1.000000,
   1.000000,
   1.000000,
   1.000000,
   1.000000,
   1.000000,
   1.000000,
   1.000000,
   1.000000,
   1.000000,
   1.000000,
   1.000000,
   1.000000;
   0.109462,0.000000,1.997002,0.000000,0.000000,2.000000,0.000000,0.000000,-1.997002,0.000000,0.109462,0.000000,-0.155486,-19.752290,0.031238,1.000000;;
  }
 }
}

Frame Lightningstorm_cloud_state_1 {
 

 FrameTransformMatrix {
  1.000000,0.000000,0.000000,0.000000,0.000000,1.000000,0.000000,0.000000,0.000000,0.000000,1.000000,0.000000,0.000000,0.000000,0.000000,1.000000;;
 }

 Mesh Lightningstorm_cloud_state_1 {
  4;
  -5.855602;0.000000;5.243670;,
  5.238855;0.000000;5.851793;,
  -5.247480;0.000000;-5.850787;,
  5.846977;0.000000;-5.242664;;
  2;
  3;0,1,2;,
  3;3,2,1;;

  MeshMaterialList {
   1;
   2;
   0,
   0;
   { Material__27 }
  }

  DeclData {
   2;
   2;0;3;0;,
   1;0;5;0;;
   20;
   0,
   1065353216,
   0,
   0,
   0,
   0,
   1065353216,
   0,
   1065353216,
   0,
   0,
   1065353216,
   0,
   0,
   1065353216,
   0,
   1065353216,
   0,
   1065353216,
   1065353216;
  }

  XSkinMeshHeader {
   1;
   1;
   1;
  }

  SkinWeights {
   "Lightningstorm_cloud_state_Bone0";
   4;
   0,
   1,
   2,
   3;
   1.000000,
   1.000000,
   1.000000,
   1.000000;
   0.109462,0.000000,1.997002,0.000000,0.000000,2.000000,0.000000,0.000000,-1.997002,0.000000,0.109462,0.000000,-0.155486,-19.752290,0.031238,1.000000;;
  }
 }
}

AnimTicksPerSecond  {
 4800;
}

AnimationSet Anims_1 {
 

 Animation {
  
  { Lightningstorm_cloud_state_Bone_Root }

  AnimationKey  {
   4;
   2;
   0;16;0.000000,0.000000,-0.500000,0.000000,0.000000,0.500000,0.000000,0.000000,0.500000,0.000000,0.000000,0.000000,0.000000,0.000000,0.000000,1.000000;;,
   10640;16;0.000000,0.000000,-0.500000,0.000000,0.000000,0.500000,0.000000,0.000000,0.500000,0.000000,0.000000,0.000000,0.000000,0.000000,0.000000,1.000000;;;
  }
 }

 Animation {
  
  { Lightningstorm_cloud_state_Bone0 }

  AnimationKey  {
   4;
   134;
   0;16;0.998501,0.000000,0.054731,0.000000,0.000000,1.000000,0.000000,0.000000,-0.054731,0.000000,0.998501,0.000000,0.156962,19.752290,-0.022682,1.000000;;,
   80;16;0.997397,0.000000,0.072101,0.000000,0.000000,1.000000,0.000000,0.000000,-0.072101,0.000000,0.997397,0.000000,0.156962,19.752290,-0.022682,1.000000;;,
   160;16;0.995991,0.000000,0.089449,0.000000,0.000000,1.000000,0.000000,0.000000,-0.089449,0.000000,0.995991,0.000000,0.156962,19.752290,-0.022682,1.000000;;,
   240;16;0.994284,0.000000,0.106771,0.000000,0.000000,1.000000,0.000000,0.000000,-0.106771,0.000000,0.994284,0.000000,0.156962,19.752290,-0.022682,1.000000;;,
   320;16;0.992275,0.000000,0.124060,0.000000,0.000000,1.000000,0.000000,0.000000,-0.124060,0.000000,0.992275,0.000000,0.156962,19.752290,-0.022682,1.000000;;,
   400;16;0.989965,0.000000,0.141311,0.000000,0.000000,1.000000,0.000000,0.000000,-0.141311,0.000000,0.989965,0.000000,0.156962,19.752290,-0.022682,1.000000;;,
   480;16;0.987356,0.000000,0.158520,0.000000,0.000000,1.000000,0.000000,0.000000,-0.158520,0.000000,0.987356,0.000000,0.156962,19.752290,-0.022682,1.000000;;,
   560;16;0.984447,0.000000,0.175680,0.000000,0.000000,1.000000,0.000000,0.000000,-0.175680,0.000000,0.984447,0.000000,0.156962,19.752290,-0.022682,1.000000;;,
   640;16;0.981241,0.000000,0.192787,0.000000,0.000000,1.000000,0.000000,0.000000,-0.192787,0.000000,0.981241,0.000000,0.156962,19.752290,-0.022682,1.000000;;,
   720;16;0.977737,0.000000,0.209836,0.000000,0.000000,1.000000,0.000000,0.000000,-0.209836,0.000000,0.977737,0.000000,0.156962,19.752290,-0.022682,1.000000;;,
   800;16;0.973936,0.000000,0.226822,0.000000,0.000000,1.000000,0.000000,0.000000,-0.226822,0.000000,0.973936,0.000000,0.156962,19.752290,-0.022682,1.000000;;,
   880;16;0.969841,0.000000,0.243738,0.000000,0.000000,1.000000,0.000000,0.000000,-0.243738,0.000000,0.969841,0.000000,0.156962,19.752290,-0.022682,1.000000;;,
   960;16;0.965452,0.000000,0.260581,0.000000,0.000000,1.000000,0.000000,0.000000,-0.260581,0.000000,0.965452,0.000000,0.156962,19.752290,-0.022682,1.000000;;,
   1040;16;0.960770,0.000000,0.277345,0.000000,0.000000,1.000000,0.000000,0.000000,-0.277345,0.000000,0.960770,0.000000,0.156962,19.752290,-0.022682,1.000000;;,
   1120;16;0.955798,0.000000,0.294025,0.000000,0.000000,1.000000,0.000000,0.000000,-0.294025,0.000000,0.955798,0.000000,0.156962,19.752290,-0.022682,1.000000;;,
   1200;16;0.950536,0.000000,0.310615,0.000000,0.000000,1.000000,0.000000,0.000000,-0.310615,0.000000,0.950536,0.000000,0.156962,19.752290,-0.022682,1.000000;;,
   1280;16;0.944986,0.000000,0.327112,0.000000,0.000000,1.000000,0.000000,0.000000,-0.327112,0.000000,0.944986,0.000000,0.156962,19.752290,-0.022682,1.000000;;,
   1360;16;0.939149,0.000000,0.343509,0.000000,0.000000,1.000000,0.000000,0.000000,-0.343509,0.000000,0.939149,0.000000,0.156962,19.752290,-0.022682,1.000000;;,
   1440;16;0.933028,0.000000,0.359803,0.000000,0.000000,1.000000,0.000000,0.000000,-0.359803,0.000000,0.933028,0.000000,0.156962,19.752290,-0.022682,1.000000;;,
   1520;16;0.926625,0.000000,0.375987,0.000000,0.000000,1.000000,0.000000,0.000000,-0.375987,0.000000,0.926625,0.000000,0.156962,19.752290,-0.022682,1.000000;;,
   1600;16;0.919941,0.000000,0.392058,0.000000,0.000000,1.000000,0.000000,0.000000,-0.392058,0.000000,0.919941,0.000000,0.156962,19.752290,-0.022682,1.000000;;,
   1680;16;0.912978,0.000000,0.408010,0.000000,0.000000,1.000000,0.000000,0.000000,-0.408010,0.000000,0.912978,0.000000,0.156962,19.752290,-0.022682,1.000000;;,
   1760;16;0.905738,0.000000,0.423838,0.000000,0.000000,1.000000,0.000000,0.000000,-0.423838,0.000000,0.905738,0.000000,0.156962,19.752290,-0.022682,1.000000;;,
   1840;16;0.898224,0.000000,0.439538,0.000000,0.000000,1.000000,0.000000,0.000000,-0.439538,0.000000,0.898224,0.000000,0.156962,19.752290,-0.022682,1.000000;;,
   1920;16;0.890438,0.000000,0.455104,0.000000,0.000000,1.000000,0.000000,0.000000,-0.455104,0.000000,0.890438,0.000000,0.156962,19.752290,-0.022682,1.000000;;,
   2000;16;0.882382,0.000000,0.470533,0.000000,0.000000,1.000000,0.000000,0.000000,-0.470533,0.000000,0.882382,0.000000,0.156962,19.752290,-0.022682,1.000000;;,
   2080;16;0.874059,0.000000,0.485819,0.000000,0.000000,1.000000,0.000000,0.000000,-0.485819,0.000000,0.874059,0.000000,0.156962,19.752290,-0.022682,1.000000;;,
   2160;16;0.865471,0.000000,0.500958,0.000000,0.000000,1.000000,0.000000,0.000000,-0.500958,0.000000,0.865471,0.000000,0.156962,19.752290,-0.022682,1.000000;;,
   2240;16;0.856621,0.000000,0.515946,0.000000,0.000000,1.000000,0.000000,0.000000,-0.515946,0.000000,0.856621,0.000000,0.156962,19.752290,-0.022682,1.000000;;,
   2320;16;0.847512,0.000000,0.530777,0.000000,0.000000,1.000000,0.000000,0.000000,-0.530777,0.000000,0.847512,0.000000,0.156962,19.752290,-0.022682,1.000000;;,
   2400;16;0.838145,0.000000,0.545447,0.000000,0.000000,1.000000,0.000000,0.000000,-0.545447,0.000000,0.838145,0.000000,0.156962,19.752290,-0.022682,1.000000;;,
   2480;16;0.828525,0.000000,0.559952,0.000000,0.000000,1.000000,0.000000,0.000000,-0.559952,0.000000,0.828525,0.000000,0.156962,19.752290,-0.022682,1.000000;;,
   2560;16;0.818654,0.000000,0.574287,0.000000,0.000000,1.000000,0.000000,0.000000,-0.574287,0.000000,0.818654,0.000000,0.156962,19.752290,-0.022682,1.000000;;,
   2640;16;0.808535,0.000000,0.588448,0.000000,0.000000,1.000000,0.000000,0.000000,-0.588448,0.000000,0.808535,0.000000,0.156962,19.752290,-0.022682,1.000000;;,
   2720;16;0.798170,0.000000,0.602432,0.000000,0.000000,1.000000,0.000000,0.000000,-0.602432,0.000000,0.798170,0.000000,0.156962,19.752290,-0.022682,1.000000;;,
   2800;16;0.787565,0.000000,0.616232,0.000000,0.000000,1.000000,0.000000,0.000000,-0.616232,0.000000,0.787565,0.000000,0.156962,19.752290,-0.022682,1.000000;;,
   2880;16;0.776720,0.000000,0.629846,0.000000,0.000000,1.000000,0.000000,0.000000,-0.629846,0.000000,0.776720,0.000000,0.156962,19.752290,-0.022682,1.000000;;,
   2960;16;0.765640,0.000000,0.643269,0.000000,0.000000,1.000000,0.000000,0.000000,-0.643269,0.000000,0.765640,0.000000,0.156962,19.752290,-0.022682,1.000000;;,
   3040;16;0.754328,0.000000,0.656497,0.000000,0.000000,1.000000,0.000000,0.000000,-0.656497,0.000000,0.754328,0.000000,0.156962,19.752290,-0.022682,1.000000;;,
   3120;16;0.742788,0.000000,0.669527,0.000000,0.000000,1.000000,0.000000,0.000000,-0.669527,0.000000,0.742788,0.000000,0.156962,19.752290,-0.022682,1.000000;;,
   3200;16;0.731023,0.000000,0.682353,0.000000,0.000000,1.000000,0.000000,0.000000,-0.682353,0.000000,0.731023,0.000000,0.156962,19.752290,-0.022682,1.000000;;,
   3280;16;0.719036,0.000000,0.694973,0.000000,0.000000,1.000000,0.000000,0.000000,-0.694973,0.000000,0.719036,0.000000,0.156962,19.752290,-0.022682,1.000000;;,
   3360;16;0.706831,0.000000,0.707382,0.000000,0.000000,1.000000,0.000000,0.000000,-0.707382,0.000000,0.706831,0.000000,0.156962,19.752290,-0.022682,1.000000;;,
   3440;16;0.694412,0.000000,0.719577,0.000000,0.000000,1.000000,0.000000,0.000000,-0.719577,0.000000,0.694412,0.000000,0.156962,19.752290,-0.022682,1.000000;;,
   3520;16;0.681783,0.000000,0.731554,0.000000,0.000000,1.000000,0.000000,0.000000,-0.731554,0.000000,0.681783,0.000000,0.156962,19.752290,-0.022682,1.000000;;,
   3600;16;0.668948,0.000000,0.743309,0.000000,0.000000,1.000000,0.000000,0.000000,-0.743309,0.000000,0.668948,0.000000,0.156962,19.752290,-0.022682,1.000000;;,
   3680;16;0.655611,0.000000,0.755098,0.000000,0.000000,1.000000,0.000000,0.000000,-0.755098,0.000000,0.655611,0.000000,0.156962,19.752290,-0.022682,1.000000;;,
   3760;16;0.642067,0.000000,0.766648,0.000000,0.000000,1.000000,0.000000,0.000000,-0.766648,0.000000,0.642067,0.000000,0.156962,19.752290,-0.022682,1.000000;;,
   3840;16;0.628320,0.000000,0.777955,0.000000,0.000000,1.000000,0.000000,0.000000,-0.777955,0.000000,0.628320,0.000000,0.156962,19.752290,-0.022682,1.000000;;,
   3920;16;0.614373,0.000000,0.789015,0.000000,0.000000,1.000000,0.000000,0.000000,-0.789015,0.000000,0.614373,0.000000,0.156962,19.752290,-0.022682,1.000000;;,
   4000;16;0.600232,0.000000,0.799826,0.000000,0.000000,1.000000,0.000000,0.000000,-0.799826,0.000000,0.600232,0.000000,0.156962,19.752290,-0.022682,1.000000;;,
   4080;16;0.585901,0.000000,0.810383,0.000000,0.000000,1.000000,0.000000,0.000000,-0.810383,0.000000,0.585901,0.000000,0.156962,19.752290,-0.022682,1.000000;;,
   4160;16;0.571384,0.000000,0.820683,0.000000,0.000000,1.000000,0.000000,0.000000,-0.820683,0.000000,0.571384,0.000000,0.156962,19.752290,-0.022682,1.000000;;,
   4240;16;0.556685,0.000000,0.830723,0.000000,0.000000,1.000000,0.000000,0.000000,-0.830723,0.000000,0.556685,0.000000,0.156962,19.752290,-0.022682,1.000000;;,
   4320;16;0.541811,0.000000,0.840500,0.000000,0.000000,1.000000,0.000000,0.000000,-0.840500,0.000000,0.541811,0.000000,0.156962,19.752290,-0.022682,1.000000;;,
   4400;16;0.526765,0.000000,0.850011,0.000000,0.000000,1.000000,0.000000,0.000000,-0.850011,0.000000,0.526765,0.000000,0.156962,19.752290,-0.022682,1.000000;;,
   4480;16;0.511552,0.000000,0.859252,0.000000,0.000000,1.000000,0.000000,0.000000,-0.859252,0.000000,0.511552,0.000000,0.156962,19.752290,-0.022682,1.000000;;,
   4560;16;0.496177,0.000000,0.868221,0.000000,0.000000,1.000000,0.000000,0.000000,-0.868221,0.000000,0.496177,0.000000,0.156962,19.752290,-0.022682,1.000000;;,
   4640;16;0.480645,0.000000,0.876916,0.000000,0.000000,1.000000,0.000000,0.000000,-0.876916,0.000000,0.480645,0.000000,0.156962,19.752290,-0.022682,1.000000;;,
   4720;16;0.464960,0.000000,0.885332,0.000000,0.000000,1.000000,0.000000,0.000000,-0.885332,0.000000,0.464960,0.000000,0.156962,19.752290,-0.022682,1.000000;;,
   4800;16;0.449128,0.000000,0.893467,0.000000,0.000000,1.000000,0.000000,0.000000,-0.893467,0.000000,0.449128,0.000000,0.156962,19.752290,-0.022682,1.000000;;,
   4880;16;0.433154,0.000000,0.901320,0.000000,0.000000,1.000000,0.000000,0.000000,-0.901320,0.000000,0.433154,0.000000,0.156962,19.752290,-0.022682,1.000000;;,
   4960;16;0.417042,0.000000,0.908887,0.000000,0.000000,1.000000,0.000000,0.000000,-0.908887,0.000000,0.417042,0.000000,0.156962,19.752290,-0.022682,1.000000;;,
   5040;16;0.400799,0.000000,0.916166,0.000000,0.000000,1.000000,0.000000,0.000000,-0.916166,0.000000,0.400799,0.000000,0.156962,19.752290,-0.022682,1.000000;;,
   5120;16;0.384428,0.000000,0.923155,0.000000,0.000000,1.000000,0.000000,0.000000,-0.923155,0.000000,0.384428,0.000000,0.156962,19.752290,-0.022682,1.000000;;,
   5200;16;0.367936,0.000000,0.929851,0.000000,0.000000,1.000000,0.000000,0.000000,-0.929851,0.000000,0.367936,0.000000,0.156962,19.752290,-0.022682,1.000000;;,
   5280;16;0.351327,0.000000,0.936253,0.000000,0.000000,1.000000,0.000000,0.000000,-0.936253,0.000000,0.351327,0.000000,0.156962,19.752290,-0.022682,1.000000;;,
   5360;16;0.334607,0.000000,0.942358,0.000000,0.000000,1.000000,0.000000,0.000000,-0.942358,0.000000,0.334607,0.000000,0.156962,19.752290,-0.022682,1.000000;;,
   5440;16;0.317780,0.000000,0.948164,0.000000,0.000000,1.000000,0.000000,0.000000,-0.948164,0.000000,0.317780,0.000000,0.156962,19.752290,-0.022682,1.000000;;,
   5520;16;0.300853,0.000000,0.953670,0.000000,0.000000,1.000000,0.000000,0.000000,-0.953670,0.000000,0.300853,0.000000,0.156962,19.752290,-0.022682,1.000000;;,
   5600;16;0.283831,0.000000,0.958874,0.000000,0.000000,1.000000,0.000000,0.000000,-0.958874,0.000000,0.283831,0.000000,0.156962,19.752290,-0.022682,1.000000;;,
   5680;16;0.266719,0.000000,0.963774,0.000000,0.000000,1.000000,0.000000,0.000000,-0.963774,0.000000,0.266719,0.000000,0.156962,19.752290,-0.022682,1.000000;;,
   5760;16;0.249522,0.000000,0.968369,0.000000,0.000000,1.000000,0.000000,0.000000,-0.968369,0.000000,0.249522,0.000000,0.156962,19.752290,-0.022682,1.000000;;,
   5840;16;0.232246,0.000000,0.972657,0.000000,0.000000,1.000000,0.000000,0.000000,-0.972657,0.000000,0.232246,0.000000,0.156962,19.752290,-0.022682,1.000000;;,
   5920;16;0.214897,0.000000,0.976637,0.000000,0.000000,1.000000,0.000000,0.000000,-0.976637,0.000000,0.214897,0.000000,0.156962,19.752290,-0.022682,1.000000;;,
   6000;16;0.197480,0.000000,0.980307,0.000000,0.000000,1.000000,0.000000,0.000000,-0.980307,0.000000,0.197480,0.000000,0.156962,19.752290,-0.022682,1.000000;;,
   6080;16;0.180000,0.000000,0.983667,0.000000,0.000000,1.000000,0.000000,0.000000,-0.983667,0.000000,0.180000,0.000000,0.156962,19.752290,-0.022682,1.000000;;,
   6160;16;0.162462,0.000000,0.986715,0.000000,0.000000,1.000000,0.000000,0.000000,-0.986715,0.000000,0.162462,0.000000,0.156962,19.752290,-0.022682,1.000000;;,
   6240;16;0.144874,0.000000,0.989450,0.000000,0.000000,1.000000,0.000000,0.000000,-0.989450,0.000000,0.144874,0.000000,0.156962,19.752290,-0.022682,1.000000;;,
   6320;16;0.127240,0.000000,0.991872,0.000000,0.000000,1.000000,0.000000,0.000000,-0.991872,0.000000,0.127240,0.000000,0.156962,19.752290,-0.022682,1.000000;;,
   6400;16;0.109565,0.000000,0.993980,0.000000,0.000000,1.000000,0.000000,0.000000,-0.993980,0.000000,0.109565,0.000000,0.156962,19.752290,-0.022682,1.000000;;,
   6480;16;0.091855,0.000000,0.995772,0.000000,0.000000,1.000000,0.000000,0.000000,-0.995772,0.000000,0.091855,0.000000,0.156962,19.752290,-0.022682,1.000000;;,
   6560;16;0.074117,0.000000,0.997250,0.000000,0.000000,1.000000,0.000000,0.000000,-0.997250,0.000000,0.074117,0.000000,0.156962,19.752290,-0.022682,1.000000;;,
   6640;16;0.056355,0.000000,0.998411,0.000000,0.000000,1.000000,0.000000,0.000000,-0.998411,0.000000,0.056355,0.000000,0.156962,19.752290,-0.022682,1.000000;;,
   6720;16;0.038575,0.000000,0.999256,0.000000,0.000000,1.000000,0.000000,0.000000,-0.999256,0.000000,0.038575,0.000000,0.156962,19.752290,-0.022682,1.000000;;,
   6800;16;0.020783,0.000000,0.999784,0.000000,0.000000,1.000000,0.000000,0.000000,-0.999784,0.000000,0.020783,0.000000,0.156962,19.752290,-0.022682,1.000000;;,
   6880;16;0.002984,0.000000,0.999996,0.000000,0.000000,1.000000,0.000000,0.000000,-0.999996,0.000000,0.002984,0.000000,0.156962,19.752290,-0.022682,1.000000;;,
   6960;16;-0.014816,0.000000,0.999890,0.000000,0.000000,1.000000,0.000000,0.000000,-0.999890,0.000000,-0.014816,0.000000,0.156962,19.752290,-0.022682,1.000000;;,
   7040;16;-0.032611,0.000000,0.999468,0.000000,0.000000,1.000000,0.000000,0.000000,-0.999468,0.000000,-0.032611,0.000000,0.156962,19.752290,-0.022682,1.000000;;,
   7120;16;-0.050395,0.000000,0.998729,0.000000,0.000000,1.000000,0.000000,0.000000,-0.998729,0.000000,-0.050395,0.000000,0.156962,19.752290,-0.022682,1.000000;;,
   7200;16;-0.014389,0.000000,0.999897,0.000000,0.000000,1.000000,0.000000,0.000000,-0.999897,0.000000,-0.014389,0.000000,0.156962,19.752290,-0.022682,1.000000;;,
   7280;16;0.021636,0.000000,0.999766,0.000000,0.000000,1.000000,0.000000,0.000000,-0.999766,0.000000,0.021636,0.000000,0.156962,19.752290,-0.022682,1.000000;;,
   7360;16;0.057632,0.000000,0.998338,0.000000,0.000000,1.000000,0.000000,0.000000,-0.998338,0.000000,0.057632,0.000000,0.156962,19.752290,-0.022682,1.000000;;,
   7440;16;0.093554,0.000000,0.995614,0.000000,0.000000,1.000000,0.000000,0.000000,-0.995614,0.000000,0.093554,0.000000,0.156962,19.752290,-0.022682,1.000000;;,
   7520;16;0.129355,0.000000,0.991598,0.000000,0.000000,1.000000,0.000000,0.000000,-0.991598,0.000000,0.129355,0.000000,0.156962,19.752290,-0.022682,1.000000;;,
   7600;16;0.164987,0.000000,0.986296,0.000000,0.000000,1.000000,0.000000,0.000000,-0.986296,0.000000,0.164987,0.000000,0.156962,19.752290,-0.022682,1.000000;;,
   7680;16;0.200406,0.000000,0.979713,0.000000,0.000000,1.000000,0.000000,0.000000,-0.979713,0.000000,0.200406,0.000000,0.156962,19.752290,-0.022682,1.000000;;,
   7760;16;0.235564,0.000000,0.971859,0.000000,0.000000,1.000000,0.000000,0.000000,-0.971859,0.000000,0.235564,0.000000,0.156962,19.752290,-0.022682,1.000000;;,
   7840;16;0.270417,0.000000,0.962743,0.000000,0.000000,1.000000,0.000000,0.000000,-0.962743,0.000000,0.270417,0.000000,0.156962,19.752290,-0.022682,1.000000;;,
   7920;16;0.304919,0.000000,0.952379,0.000000,0.000000,1.000000,0.000000,0.000000,-0.952379,0.000000,0.304919,0.000000,0.156962,19.752290,-0.022682,1.000000;;,
   8000;16;0.339025,0.000000,0.940778,0.000000,0.000000,1.000000,0.000000,0.000000,-0.940778,0.000000,0.339025,0.000000,0.156962,19.752290,-0.022682,1.000000;;,
   8080;16;0.372691,0.000000,0.927956,0.000000,0.000000,1.000000,0.000000,0.000000,-0.927956,0.000000,0.372691,0.000000,0.156962,19.752290,-0.022682,1.000000;;,
   8160;16;0.405873,0.000000,0.913930,0.000000,0.000000,1.000000,0.000000,0.000000,-0.913930,0.000000,0.405873,0.000000,0.156962,19.752290,-0.022682,1.000000;;,
   8240;16;0.438529,0.000000,0.898717,0.000000,0.000000,1.000000,0.000000,0.000000,-0.898717,0.000000,0.438529,0.000000,0.156962,19.752290,-0.022682,1.000000;;,
   8320;16;0.470615,0.000000,0.882339,0.000000,0.000000,1.000000,0.000000,0.000000,-0.882339,0.000000,0.470615,0.000000,0.156962,19.752290,-0.022682,1.000000;;,
   8400;16;0.502091,0.000000,0.864815,0.000000,0.000000,1.000000,0.000000,0.000000,-0.864815,0.000000,0.502091,0.000000,0.156962,19.752290,-0.022682,1.000000;;,
   8480;16;0.532915,0.000000,0.846169,0.000000,0.000000,1.000000,0.000000,0.000000,-0.846169,0.000000,0.532915,0.000000,0.156962,19.752290,-0.022682,1.000000;;,
   8560;16;0.563047,0.000000,0.826425,0.000000,0.000000,1.000000,0.000000,0.000000,-0.826425,0.000000,0.563047,0.000000,0.156962,19.752290,-0.022682,1.000000;;,
   8640;16;0.592449,0.000000,0.805608,0.000000,0.000000,1.000000,0.000000,0.000000,-0.805608,0.000000,0.592449,0.000000,0.156962,19.752290,-0.022682,1.000000;;,
   8720;16;0.621082,0.000000,0.783746,0.000000,0.000000,1.000000,0.000000,0.000000,-0.783746,0.000000,0.621082,0.000000,0.156962,19.752290,-0.022682,1.000000;;,
   8800;16;0.648909,0.000000,0.760866,0.000000,0.000000,1.000000,0.000000,0.000000,-0.760866,0.000000,0.648909,0.000000,0.156962,19.752290,-0.022682,1.000000;;,
   8880;16;0.675894,0.000000,0.736999,0.000000,0.000000,1.000000,0.000000,0.000000,-0.736999,0.000000,0.675894,0.000000,0.156962,19.752290,-0.022682,1.000000;;,
   8960;16;0.702001,0.000000,0.712176,0.000000,0.000000,1.000000,0.000000,0.000000,-0.712176,0.000000,0.702001,0.000000,0.156962,19.752290,-0.022682,1.000000;;,
   9040;16;0.727198,0.000000,0.686428,0.000000,0.000000,1.000000,0.000000,0.000000,-0.686428,0.000000,0.727198,0.000000,0.156962,19.752290,-0.022682,1.000000;;,
   9120;16;0.751450,0.000000,0.659790,0.000000,0.000000,1.000000,0.000000,0.000000,-0.659790,0.000000,0.751450,0.000000,0.156962,19.752290,-0.022682,1.000000;;,
   9200;16;0.774728,0.000000,0.632295,0.000000,0.000000,1.000000,0.000000,0.000000,-0.632295,0.000000,0.774728,0.000000,0.156962,19.752290,-0.022682,1.000000;;,
   9280;16;0.797000,0.000000,0.603980,0.000000,0.000000,1.000000,0.000000,0.000000,-0.603980,0.000000,0.797000,0.000000,0.156962,19.752290,-0.022682,1.000000;;,
   9360;16;0.818237,0.000000,0.574881,0.000000,0.000000,1.000000,0.000000,0.000000,-0.574881,0.000000,0.818237,0.000000,0.156962,19.752290,-0.022682,1.000000;;,
   9440;16;0.838413,0.000000,0.545035,0.000000,0.000000,1.000000,0.000000,0.000000,-0.545035,0.000000,0.838413,0.000000,0.156962,19.752290,-0.022682,1.000000;;,
   9520;16;0.857501,0.000000,0.514483,0.000000,0.000000,1.000000,0.000000,0.000000,-0.514483,0.000000,0.857501,0.000000,0.156962,19.752290,-0.022682,1.000000;;,
   9600;16;0.875476,0.000000,0.483262,0.000000,0.000000,1.000000,0.000000,0.000000,-0.483262,0.000000,0.875476,0.000000,0.156962,19.752290,-0.022682,1.000000;;,
   9680;16;0.892314,0.000000,0.451415,0.000000,0.000000,1.000000,0.000000,0.000000,-0.451415,0.000000,0.892314,0.000000,0.156962,19.752290,-0.022682,1.000000;;,
   9760;16;0.907995,0.000000,0.418982,0.000000,0.000000,1.000000,0.000000,0.000000,-0.418982,0.000000,0.907995,0.000000,0.156962,19.752290,-0.022682,1.000000;;,
   9840;16;0.922497,0.000000,0.386005,0.000000,0.000000,1.000000,0.000000,0.000000,-0.386005,0.000000,0.922497,0.000000,0.156962,19.752290,-0.022682,1.000000;;,
   9920;16;0.935802,0.000000,0.352526,0.000000,0.000000,1.000000,0.000000,0.000000,-0.352526,0.000000,0.935802,0.000000,0.156962,19.752290,-0.022682,1.000000;;,
   10000;16;0.947892,0.000000,0.318591,0.000000,0.000000,1.000000,0.000000,0.000000,-0.318591,0.000000,0.947892,0.000000,0.156962,19.752290,-0.022682,1.000000;;,
   10080;16;0.958753,0.000000,0.284242,0.000000,0.000000,1.000000,0.000000,0.000000,-0.284242,0.000000,0.958753,0.000000,0.156962,19.752290,-0.022682,1.000000;;,
   10160;16;0.968369,0.000000,0.249524,0.000000,0.000000,1.000000,0.000000,0.000000,-0.249524,0.000000,0.968369,0.000000,0.156962,19.752290,-0.022682,1.000000;;,
   10240;16;0.976728,0.000000,0.214482,0.000000,0.000000,1.000000,0.000000,0.000000,-0.214482,0.000000,0.976728,0.000000,0.156962,19.752290,-0.022682,1.000000;;,
   10320;16;0.983820,0.000000,0.179162,0.000000,0.000000,1.000000,0.000000,0.000000,-0.179162,0.000000,0.983820,0.000000,0.156962,19.752290,-0.022682,1.000000;;,
   10400;16;0.989635,0.000000,0.143610,0.000000,0.000000,1.000000,0.000000,0.000000,-0.143610,0.000000,0.989635,0.000000,0.156962,19.752290,-0.022682,1.000000;;,
   10480;16;0.994165,0.000000,0.107871,0.000000,0.000000,1.000000,0.000000,0.000000,-0.107871,0.000000,0.994165,0.000000,0.156962,19.752290,-0.022682,1.000000;;,
   10560;16;0.997405,0.000000,0.071992,0.000000,0.000000,1.000000,0.000000,0.000000,-0.071992,0.000000,0.997405,0.000000,0.156962,19.752290,-0.022682,1.000000;;,
   10640;16;0.999351,0.000000,0.036019,0.000000,0.000000,1.000000,0.000000,0.000000,-0.036019,0.000000,0.999351,0.000000,0.156962,19.752290,-0.022682,1.000000;;;
  }
 }

 Animation {
  
  { Lightningstorm_cloud_state_Bone1 }

  AnimationKey  {
   4;
   134;
   0;16;0.999298,0.000000,0.037470,0.000000,0.000000,1.000000,0.000000,0.000000,-0.037470,0.000000,0.999298,0.000000,0.156962,19.407546,-0.022682,1.000000;;,
   80;16;0.998910,0.000000,0.046677,0.000000,0.000000,1.000000,0.000000,0.000000,-0.046677,0.000000,0.998910,0.000000,0.156962,19.407546,-0.022682,1.000000;;,
   160;16;0.998438,0.000000,0.055880,0.000000,0.000000,1.000000,0.000000,0.000000,-0.055880,0.000000,0.998438,0.000000,0.156962,19.407546,-0.022682,1.000000;;,
   240;16;0.997880,0.000000,0.065077,0.000000,0.000000,1.000000,0.000000,0.000000,-0.065077,0.000000,0.997880,0.000000,0.156962,19.407546,-0.022682,1.000000;;,
   320;16;0.997238,0.000000,0.074270,0.000000,0.000000,1.000000,0.000000,0.000000,-0.074270,0.000000,0.997238,0.000000,0.156962,19.407546,-0.022682,1.000000;;,
   400;16;0.996511,0.000000,0.083456,0.000000,0.000000,1.000000,0.000000,0.000000,-0.083456,0.000000,0.996511,0.000000,0.156962,19.407546,-0.022682,1.000000;;,
   480;16;0.995700,0.000000,0.092635,0.000000,0.000000,1.000000,0.000000,0.000000,-0.092635,0.000000,0.995700,0.000000,0.156962,19.407546,-0.022682,1.000000;;,
   560;16;0.994804,0.000000,0.101806,0.000000,0.000000,1.000000,0.000000,0.000000,-0.101806,0.000000,0.994804,0.000000,0.156962,19.407546,-0.022682,1.000000;;,
   640;16;0.993824,0.000000,0.110968,0.000000,0.000000,1.000000,0.000000,0.000000,-0.110968,0.000000,0.993824,0.000000,0.156962,19.407546,-0.022682,1.000000;;,
   720;16;0.992759,0.000000,0.120121,0.000000,0.000000,1.000000,0.000000,0.000000,-0.120121,0.000000,0.992759,0.000000,0.156962,19.407546,-0.022682,1.000000;;,
   800;16;0.991610,0.000000,0.129264,0.000000,0.000000,1.000000,0.000000,0.000000,-0.129264,0.000000,0.991610,0.000000,0.156962,19.407546,-0.022682,1.000000;;,
   880;16;0.990377,0.000000,0.138396,0.000000,0.000000,1.000000,0.000000,0.000000,-0.138396,0.000000,0.990377,0.000000,0.156962,19.407546,-0.022682,1.000000;;,
   960;16;0.989060,0.000000,0.147516,0.000000,0.000000,1.000000,0.000000,0.000000,-0.147516,0.000000,0.989060,0.000000,0.156962,19.407546,-0.022682,1.000000;;,
   1040;16;0.987658,0.000000,0.156623,0.000000,0.000000,1.000000,0.000000,0.000000,-0.156623,0.000000,0.987658,0.000000,0.156962,19.407546,-0.022682,1.000000;;,
   1120;16;0.986173,0.000000,0.165717,0.000000,0.000000,1.000000,0.000000,0.000000,-0.165717,0.000000,0.986173,0.000000,0.156962,19.407546,-0.022682,1.000000;;,
   1200;16;0.984604,0.000000,0.174798,0.000000,0.000000,1.000000,0.000000,0.000000,-0.174798,0.000000,0.984604,0.000000,0.156962,19.407546,-0.022682,1.000000;;,
   1280;16;0.982952,0.000000,0.183863,0.000000,0.000000,1.000000,0.000000,0.000000,-0.183863,0.000000,0.982952,0.000000,0.156962,19.407546,-0.022682,1.000000;;,
   1360;16;0.981216,0.000000,0.192913,0.000000,0.000000,1.000000,0.000000,0.000000,-0.192913,0.000000,0.981216,0.000000,0.156962,19.407546,-0.022682,1.000000;;,
   1440;16;0.979397,0.000000,0.201946,0.000000,0.000000,1.000000,0.000000,0.000000,-0.201946,0.000000,0.979397,0.000000,0.156962,19.407546,-0.022682,1.000000;;,
   1520;16;0.977494,0.000000,0.210962,0.000000,0.000000,1.000000,0.000000,0.000000,-0.210962,0.000000,0.977494,0.000000,0.156962,19.407546,-0.022682,1.000000;;,
   1600;16;0.975509,0.000000,0.219960,0.000000,0.000000,1.000000,0.000000,0.000000,-0.219960,0.000000,0.975509,0.000000,0.156962,19.407546,-0.022682,1.000000;;,
   1680;16;0.973441,0.000000,0.228940,0.000000,0.000000,1.000000,0.000000,0.000000,-0.228940,0.000000,0.973441,0.000000,0.156962,19.407546,-0.022682,1.000000;;,
   1760;16;0.971290,0.000000,0.237900,0.000000,0.000000,1.000000,0.000000,0.000000,-0.237900,0.000000,0.971290,0.000000,0.156962,19.407546,-0.022682,1.000000;;,
   1840;16;0.969056,0.000000,0.246840,0.000000,0.000000,1.000000,0.000000,0.000000,-0.246840,0.000000,0.969056,0.000000,0.156962,19.407546,-0.022682,1.000000;;,
   1920;16;0.966741,0.000000,0.255759,0.000000,0.000000,1.000000,0.000000,0.000000,-0.255759,0.000000,0.966741,0.000000,0.156962,19.407546,-0.022682,1.000000;;,
   2000;16;0.964343,0.000000,0.264656,0.000000,0.000000,1.000000,0.000000,0.000000,-0.264656,0.000000,0.964343,0.000000,0.156962,19.407546,-0.022682,1.000000;;,
   2080;16;0.961863,0.000000,0.273531,0.000000,0.000000,1.000000,0.000000,0.000000,-0.273531,0.000000,0.961863,0.000000,0.156962,19.407546,-0.022682,1.000000;;,
   2160;16;0.959302,0.000000,0.282383,0.000000,0.000000,1.000000,0.000000,0.000000,-0.282383,0.000000,0.959302,0.000000,0.156962,19.407546,-0.022682,1.000000;;,
   2240;16;0.956659,0.000000,0.291210,0.000000,0.000000,1.000000,0.000000,0.000000,-0.291210,0.000000,0.956659,0.000000,0.156962,19.407546,-0.022682,1.000000;;,
   2320;16;0.953935,0.000000,0.300013,0.000000,0.000000,1.000000,0.000000,0.000000,-0.300013,0.000000,0.953935,0.000000,0.156962,19.407546,-0.022682,1.000000;;,
   2400;16;0.951130,0.000000,0.308791,0.000000,0.000000,1.000000,0.000000,0.000000,-0.308791,0.000000,0.951130,0.000000,0.156962,19.407546,-0.022682,1.000000;;,
   2480;16;0.948244,0.000000,0.317542,0.000000,0.000000,1.000000,0.000000,0.000000,-0.317542,0.000000,0.948244,0.000000,0.156962,19.407546,-0.022682,1.000000;;,
   2560;16;0.945278,0.000000,0.326266,0.000000,0.000000,1.000000,0.000000,0.000000,-0.326266,0.000000,0.945278,0.000000,0.156962,19.407546,-0.022682,1.000000;;,
   2640;16;0.942231,0.000000,0.334963,0.000000,0.000000,1.000000,0.000000,0.000000,-0.334963,0.000000,0.942231,0.000000,0.156962,19.407546,-0.022682,1.000000;;,
   2720;16;0.939105,0.000000,0.343631,0.000000,0.000000,1.000000,0.000000,0.000000,-0.343631,0.000000,0.939105,0.000000,0.156962,19.407546,-0.022682,1.000000;;,
   2800;16;0.935899,0.000000,0.352270,0.000000,0.000000,1.000000,0.000000,0.000000,-0.352270,0.000000,0.935899,0.000000,0.156962,19.407546,-0.022682,1.000000;;,
   2880;16;0.932613,0.000000,0.360878,0.000000,0.000000,1.000000,0.000000,0.000000,-0.360878,0.000000,0.932613,0.000000,0.156962,19.407546,-0.022682,1.000000;;,
   2960;16;0.929248,0.000000,0.369457,0.000000,0.000000,1.000000,0.000000,0.000000,-0.369457,0.000000,0.929248,0.000000,0.156962,19.407546,-0.022682,1.000000;;,
   3040;16;0.925804,0.000000,0.378004,0.000000,0.000000,1.000000,0.000000,0.000000,-0.378004,0.000000,0.925804,0.000000,0.156962,19.407546,-0.022682,1.000000;;,
   3120;16;0.922282,0.000000,0.386519,0.000000,0.000000,1.000000,0.000000,0.000000,-0.386519,0.000000,0.922282,0.000000,0.156962,19.407546,-0.022682,1.000000;;,
   3200;16;0.918681,0.000000,0.395001,0.000000,0.000000,1.000000,0.000000,0.000000,-0.395001,0.000000,0.918681,0.000000,0.156962,19.407546,-0.022682,1.000000;;,
   3280;16;0.915002,0.000000,0.403449,0.000000,0.000000,1.000000,0.000000,0.000000,-0.403449,0.000000,0.915002,0.000000,0.156962,19.407546,-0.022682,1.000000;;,
   3360;16;0.911246,0.000000,0.411863,0.000000,0.000000,1.000000,0.000000,0.000000,-0.411863,0.000000,0.911246,0.000000,0.156962,19.407546,-0.022682,1.000000;;,
   3440;16;0.907412,0.000000,0.420243,0.000000,0.000000,1.000000,0.000000,0.000000,-0.420243,0.000000,0.907412,0.000000,0.156962,19.407546,-0.022682,1.000000;;,
   3520;16;0.903501,0.000000,0.428586,0.000000,0.000000,1.000000,0.000000,0.000000,-0.428586,0.000000,0.903501,0.000000,0.156962,19.407546,-0.022682,1.000000;;,
   3600;16;0.899513,0.000000,0.436894,0.000000,0.000000,1.000000,0.000000,0.000000,-0.436894,0.000000,0.899513,0.000000,0.156962,19.407546,-0.022682,1.000000;;,
   3680;16;0.895449,0.000000,0.445164,0.000000,0.000000,1.000000,0.000000,0.000000,-0.445164,0.000000,0.895449,0.000000,0.156962,19.407546,-0.022682,1.000000;;,
   3760;16;0.891309,0.000000,0.453396,0.000000,0.000000,1.000000,0.000000,0.000000,-0.453396,0.000000,0.891309,0.000000,0.156962,19.407546,-0.022682,1.000000;;,
   3840;16;0.887093,0.000000,0.461590,0.000000,0.000000,1.000000,0.000000,0.000000,-0.461590,0.000000,0.887093,0.000000,0.156962,19.407546,-0.022682,1.000000;;,
   3920;16;0.882802,0.000000,0.469744,0.000000,0.000000,1.000000,0.000000,0.000000,-0.469744,0.000000,0.882802,0.000000,0.156962,19.407546,-0.022682,1.000000;;,
   4000;16;0.878436,0.000000,0.477859,0.000000,0.000000,1.000000,0.000000,0.000000,-0.477859,0.000000,0.878436,0.000000,0.156962,19.407546,-0.022682,1.000000;;,
   4080;16;0.873996,0.000000,0.485933,0.000000,0.000000,1.000000,0.000000,0.000000,-0.485933,0.000000,0.873996,0.000000,0.156962,19.407546,-0.022682,1.000000;;,
   4160;16;0.869481,0.000000,0.493966,0.000000,0.000000,1.000000,0.000000,0.000000,-0.493966,0.000000,0.869481,0.000000,0.156962,19.407546,-0.022682,1.000000;;,
   4240;16;0.864892,0.000000,0.501957,0.000000,0.000000,1.000000,0.000000,0.000000,-0.501957,0.000000,0.864892,0.000000,0.156962,19.407546,-0.022682,1.000000;;,
   4320;16;0.860230,0.000000,0.509905,0.000000,0.000000,1.000000,0.000000,0.000000,-0.509905,0.000000,0.860230,0.000000,0.156962,19.407546,-0.022682,1.000000;;,
   4400;16;0.855495,0.000000,0.517810,0.000000,0.000000,1.000000,0.000000,0.000000,-0.517810,0.000000,0.855495,0.000000,0.156962,19.407546,-0.022682,1.000000;;,
   4480;16;0.850688,0.000000,0.525672,0.000000,0.000000,1.000000,0.000000,0.000000,-0.525672,0.000000,0.850688,0.000000,0.156962,19.407546,-0.022682,1.000000;;,
   4560;16;0.845808,0.000000,0.533488,0.000000,0.000000,1.000000,0.000000,0.000000,-0.533488,0.000000,0.845808,0.000000,0.156962,19.407546,-0.022682,1.000000;;,
   4640;16;0.840856,0.000000,0.541259,0.000000,0.000000,1.000000,0.000000,0.000000,-0.541259,0.000000,0.840856,0.000000,0.156962,19.407546,-0.022682,1.000000;;,
   4720;16;0.835833,0.000000,0.548984,0.000000,0.000000,1.000000,0.000000,0.000000,-0.548984,0.000000,0.835833,0.000000,0.156962,19.407546,-0.022682,1.000000;;,
   4800;16;0.830738,0.000000,0.556663,0.000000,0.000000,1.000000,0.000000,0.000000,-0.556663,0.000000,0.830738,0.000000,0.156962,19.407546,-0.022682,1.000000;;,
   4880;16;0.825574,0.000000,0.564294,0.000000,0.000000,1.000000,0.000000,0.000000,-0.564294,0.000000,0.825574,0.000000,0.156962,19.407546,-0.022682,1.000000;;,
