xof 0303txt 0032
template ColorRGBA {
 <35ff44e0-6c7c-11cf-8f52-0040333594a3>
 FLOAT red;
 FLOAT green;
 FLOAT blue;
 FLOAT alpha;
}

template ColorRGB {
 <d3e16e81-7835-11cf-8f52-0040333594a3>
 FLOAT red;
 FLOAT green;
 FLOAT blue;
}

template Material {
 <3d82ab4d-62da-11cf-ab39-0020af71e433>
 ColorRGBA faceColor;
 FLOAT power;
 ColorRGB specularColor;
 ColorRGB emissiveColor;
 [...]
}

template TextureFilename {
 <a42790e1-7810-11cf-8f52-0040333594a3>
 STRING filename;
}

template Frame {
 <3d82ab46-62da-11cf-ab39-0020af71e433>
 [...]
}

template Matrix4x4 {
 <f6f23f45-7686-11cf-8f52-0040333594a3>
 array FLOAT matrix[16];
}

template FrameTransformMatrix {
 <f6f23f41-7686-11cf-8f52-0040333594a3>
 Matrix4x4 frameMatrix;
}

template Vector {
 <3d82ab5e-62da-11cf-ab39-0020af71e433>
 FLOAT x;
 FLOAT y;
 FLOAT z;
}

template MeshFace {
 <3d82ab5f-62da-11cf-ab39-0020af71e433>
 DWORD nFaceVertexIndices;
 array DWORD faceVertexIndices[nFaceVertexIndices];
}

template Mesh {
 <3d82ab44-62da-11cf-ab39-0020af71e433>
 DWORD nVertices;
 array Vector vertices[nVertices];
 DWORD nFaces;
 array MeshFace faces[nFaces];
 [...]
}

template MeshMaterialList {
 <f6f23f42-7686-11cf-8f52-0040333594a3>
 DWORD nMaterials;
 DWORD nFaceIndexes;
 array DWORD faceIndexes[nFaceIndexes];
 [Material <3d82ab4d-62da-11cf-ab39-0020af71e433>]
}

template VertexElement {
 <f752461c-1e23-48f6-b9f8-8350850f336f>
 DWORD Type;
 DWORD Method;
 DWORD Usage;
 DWORD UsageIndex;
}

template DeclData {
 <bf22e553-292c-4781-9fea-62bd554bdd93>
 DWORD nElements;
 array VertexElement Elements[nElements];
 DWORD nDWords;
 array DWORD data[nDWords];
}

template XSkinMeshHeader {
 <3cf169ce-ff7c-44ab-93c0-f78f62d172e2>
 WORD nMaxSkinWeightsPerVertex;
 WORD nMaxSkinWeightsPerFace;
 WORD nBones;
}

template SkinWeights {
 <6f0d123b-bad2-4167-a0d0-80224f25fabb>
 STRING transformNodeName;
 DWORD nWeights;
 array DWORD vertexIndices[nWeights];
 array FLOAT weights[nWeights];
 Matrix4x4 matrixOffset;
}

template AnimTicksPerSecond {
 <9e415a43-7ba6-4a73-8743-b73d47e88476>
 DWORD AnimTicksPerSecond;
}

template Animation {
 <3d82ab4f-62da-11cf-ab39-0020af71e433>
 [...]
}

template AnimationSet {
 <3d82ab50-62da-11cf-ab39-0020af71e433>
 [Animation <3d82ab4f-62da-11cf-ab39-0020af71e433>]
}

template FloatKeys {
 <10dd46a9-775b-11cf-8f52-0040333594a3>
 DWORD nValues;
 array FLOAT values[nValues];
}

template TimedFloatKeys {
 <f406b180-7b3b-11cf-8f52-0040333594a3>
 DWORD time;
 FloatKeys tfkeys;
}

template AnimationKey {
 <10dd46a8-775b-11cf-8f52-0040333594a3>
 DWORD keyType;
 DWORD nKeys;
 array TimedFloatKeys keys[nKeys];
}


Material Material__122 {
 0.588000;0.588000;0.588000;1.000000;;
 10.000000;
 0.000000;0.000000;0.000000;;
 0.000000;0.000000;0.000000;;

 TextureFilename {
  "BANDUNDEADMALESKIN.tga";
 }
}

Material Material__132 {
 0.588000;0.588000;0.588000;1.000000;;
 10.000000;
 0.000000;0.000000;0.000000;;
 0.000000;0.000000;0.000000;;

 TextureFilename {
  "SCOURGEFEMALEHAIRSKIN.tga";
 }
}

Material bandundeadmale_Mat_01 {
 1.000000;1.000000;1.000000;1.000000;;
 10.000000;
 0.000000;0.000000;0.000000;;
 0.000000;0.000000;0.000000;;
}

Material Material__124 {
 0.588000;0.588000;0.588000;1.000000;;
 10.000000;
 0.000000;0.000000;0.000000;;
 0.000000;0.000000;0.000000;;

 TextureFilename {
  "CAPE_CLOTH_A_02ORANGE.tga";
 }
}

Material bandundeadmale_Mat_05 {
 1.000000;1.000000;1.000000;1.000000;;
 10.000000;
 0.000000;0.000000;0.000000;;
 0.000000;0.000000;0.000000;;
}

Material Material__131 {
 0.588000;0.588000;0.588000;1.000000;;
 10.000000;
 0.000000;0.000000;0.000000;;
 0.000000;0.000000;0.000000;;

 TextureFilename {
  "NIGHTELFMALEEYEGLOW.tga";
 }
}

Material bandundeadmale_Mat_06 {
 1.000000;1.000000;1.000000;1.000000;;
 10.000000;
 0.000000;0.000000;0.000000;;
 0.000000;0.000000;0.000000;;
}

Material Material__130 {
 0.588000;0.588000;0.588000;1.000000;;
 10.000000;
 0.000000;0.000000;0.000000;;
 0.000000;0.000000;0.000000;;

 TextureFilename {
  "LIGHTNINGVIOLET_3LG.tga";
 }
}

Material bandundeadmale_Mat_08 {
 1.000000;1.000000;1.000000;1.000000;;
 10.000000;
 0.000000;0.000000;0.000000;;
 0.000000;0.000000;0.000000;;
}

Material Material__133 {
 0.588000;0.588000;0.588000;1.000000;;
 10.000000;
 0.000000;0.000000;0.000000;;
 0.000000;0.000000;0.000000;;

 TextureFilename {
  "SHOULDER_ROBE_RAIDMAGE_F_01RED.tga";
 }
}

Material Material__125 {
 0.588000;0.588000;0.588000;1.000000;;
 10.000000;
 0.000000;0.000000;0.000000;;
 0.000000;0.000000;0.000000;;

 TextureFilename {
  "CAVEBONE01.tga";
 }
}

Material Material__134 {
 0.588000;0.588000;0.588000;1.000000;;
 10.000000;
 0.000000;0.000000;0.000000;;
 0.000000;0.000000;0.000000;;

 TextureFilename {
  "WAEPONPAGE01.tga";
 }
}

Material Material__128 {
 0.588000;0.588000;0.588000;1.000000;;
 10.000000;
 0.000000;0.000000;0.000000;;
 0.000000;0.000000;0.000000;;

 TextureFilename {
  "JLO_UNDEADZIGG_TRIM01.tga";
 }
}

Material Material__129 {
 0.588000;0.588000;0.588000;1.000000;;
 10.000000;
 0.000000;0.000000;0.000000;;
 0.000000;0.000000;0.000000;;

 TextureFilename {
  "JLO_UNDEADZIGG_TRIM05.tga";
 }
}

Frame bandundeadmale_Bone_Root {
 

 FrameTransformMatrix {
  0.000000,0.000000,-0.500000,0.000000,0.000000,0.500000,0.000000,0.000000,0.500000,0.000000,0.000000,0.000000,0.000000,0.000000,0.000000,1.000000;;
 }

 Frame bandundeadmale_Bone0 {
  

  FrameTransformMatrix {
   0.930421,-0.024277,-0.365688,0.000000,0.022618,0.999705,-0.008820,0.000000,0.365794,-0.000065,0.930696,0.000000,-0.218684,1.917515,-0.041667,1.000000;;
  }

  Frame bandundeadmale_Bone1_Root {
   

   FrameTransformMatrix {
    0.898184,0.420361,0.128695,0.000000,-0.424837,0.905233,0.008218,0.000000,-0.113045,-0.062056,0.991650,0.000000,0.000000,0.000000,0.000000,1.000000;;
   }

   Frame bandundeadmale_Bone3_Waist {
    

    FrameTransformMatrix {
     0.489501,-0.853646,0.177981,0.000000,0.866277,0.452697,-0.211260,0.000000,0.099770,0.257593,0.961089,0.000000,-0.031517,0.494831,0.000000,1.000000;;
    }

    Frame bandundeadmale_Bone8 {
     

     FrameTransformMatrix {
      0.974734,0.197490,0.104358,0.000000,-0.217854,0.943701,0.248932,0.000000,-0.049321,-0.265378,0.962882,0.000000,0.248700,0.631314,-0.000000,1.000000;;
     }

     Frame bandundeadmale_Bone14 {
      

      FrameTransformMatrix {
       0.883931,-0.040151,0.465890,0.000000,0.155431,0.964886,-0.211744,0.000000,-0.441029,0.259581,0.859134,0.000000,0.101120,0.125716,-0.000000,1.000000;;
      }

      Frame bandundeadmale_Bone24 {
       

       FrameTransformMatrix {
        1.000000,-0.000000,-0.000000,0.000000,-0.000000,1.000000,0.000000,0.000000,0.000000,-0.000000,1.000000,0.000000,0.326313,0.008725,-0.069590,1.000000;;
       }
      }

      Frame bandundeadmale_Bone25 {
       

       FrameTransformMatrix {
        1.000000,-0.000000,-0.000000,0.000000,-0.000000,1.000000,0.000000,0.000000,0.000000,-0.000000,1.000000,0.000000,0.326691,0.008725,0.069975,1.000000;;
       }
      }

      Frame bandundeadmale_Bone26 {
       

       FrameTransformMatrix {
        1.000000,-0.000000,-0.000000,0.000000,-0.000000,1.000000,0.000000,0.000000,0.000000,-0.000000,1.000000,0.000000,0.334505,0.035879,0.086927,1.000000;;
       }
      }

      Frame bandundeadmale_Bone27 {
       

       FrameTransformMatrix {
        1.000000,-0.000000,-0.000000,0.000000,-0.000000,1.000000,0.000000,0.000000,0.000000,-0.000000,1.000000,0.000000,0.333259,0.044116,-0.087342,1.000000;;
       }
      }

      Frame bandundeadmale_Bone28 {
       

       FrameTransformMatrix {
        1.000000,-0.000000,-0.000000,0.000000,-0.000000,1.000000,0.000000,0.000000,0.000000,-0.000000,1.000000,0.000000,0.114784,-0.109318,-0.000000,1.000000;;
       }
      }

      Frame bandundeadmale_Bone29_Jaw {
       

       FrameTransformMatrix {
        1.000000,-0.000000,-0.000000,0.000000,-0.000000,1.000000,0.000000,0.000000,0.000000,-0.000000,1.000000,0.000000,0.270269,-0.156979,0.076049,1.000000;;
       }
      }

      Frame bandundeadmale_Bone30 {
       

       FrameTransformMatrix {
        1.000000,-0.000000,-0.000000,0.000000,-0.000000,1.000000,0.000000,0.000000,0.000000,-0.000000,1.000000,0.000000,0.270269,-0.157140,-0.076073,1.000000;;
       }
      }

      Frame bandundeadmale_Bone116_Breath {
       

       FrameTransformMatrix {
        1.000000,-0.000000,-0.000000,0.000000,-0.000000,1.000000,0.000000,0.000000,0.000000,-0.000000,1.000000,0.000000,0.310766,-0.161967,-0.000000,1.000000;;
       }
      }

      Frame bandundeadmale_Bone117_BTH {
       

       FrameTransformMatrix {
        1.000000,-0.000000,-0.000000,0.000000,-0.000000,1.000000,0.000000,0.000000,0.000000,-0.000000,1.000000,0.000000,0.000000,0.000000,0.000000,1.000000;;
       }
      }
     }
    }

    Frame bandundeadmale_Bone9 {
     

     FrameTransformMatrix {
      0.970345,0.145395,0.193109,0.000000,-0.032202,0.869513,-0.492859,0.000000,-0.239570,0.472025,0.848410,0.000000,0.256386,0.510703,0.154181,1.000000;;
     }

     Frame bandundeadmale_Bone15_Head {
      

      FrameTransformMatrix {
       1.000000,-0.000000,-0.000000,0.000000,0.000000,1.000000,0.000000,0.000000,0.000000,-0.000000,1.000000,0.000000,0.001011,0.381432,0.247193,1.000000;;
      }
     }

     Frame bandundeadmale_Bone16 {
      

      FrameTransformMatrix {
       0.683796,0.088729,0.724258,0.000000,-0.391456,0.882259,0.261500,0.000000,-0.615780,-0.462328,0.638019,0.000000,0.014677,-0.088997,0.403926,1.000000;;
      }

      Frame bandundeadmale_Bone31 {
       

       FrameTransformMatrix {
        0.201656,0.949013,0.242302,0.000000,-0.884739,0.070361,0.460745,0.000000,0.420204,-0.307286,0.853817,0.000000,0.001693,-0.764421,0.073456,1.000000;;
       }

       Frame bandundeadmale_Bone35 {
        

        FrameTransformMatrix {
         1.000000,0.000000,-0.000000,0.000000,0.000000,1.000000,-0.000000,0.000000,0.000000,-0.000000,1.000000,0.000000,0.000000,0.000000,0.000000,1.000000;;
        }
       }

       Frame bandundeadmale_Bone36 {
        

        FrameTransformMatrix {
         0.216233,-0.438780,0.872190,0.000000,-0.197087,0.855317,0.479154,0.000000,-0.956243,-0.275507,0.098470,0.000000,0.107838,-0.581174,0.011221,1.000000;;
        }

        Frame bandundeadmale_Bone39 {
         

         FrameTransformMatrix {
          0.932350,0.341212,0.119574,0.000000,-0.273084,0.881324,-0.385607,0.000000,-0.236957,0.326867,0.914882,0.000000,0.130881,-0.222389,-0.030988,1.000000;;
         }

         Frame bandundeadmale_Bone49_RThumb {
          

          FrameTransformMatrix {
           0.837763,-0.097418,-0.537274,0.000000,0.505384,-0.234207,0.830503,0.000000,-0.206739,-0.967294,-0.146976,0.000000,0.022824,-0.185409,-0.033586,1.000000;;
          }
         }
        }

        Frame bandundeadmale_Bone40_LFingerIndex {
         

         FrameTransformMatrix {
          0.997680,-0.052536,-0.043290,0.000000,0.059173,0.983675,0.169944,0.000000,0.033655,-0.172112,0.984502,0.000000,0.083335,-0.261129,0.013900,1.000000;;
         }

         Frame bandundeadmale_Bone50 {
          

          FrameTransformMatrix {
           0.789195,0.047042,-0.612338,0.000000,0.555080,-0.481273,0.678427,0.000000,-0.262787,-0.875308,-0.405930,0.000000,0.028734,-0.241311,-0.078146,1.000000;;
          }
         }
        }

        Frame bandundeadmale_Bone41_LFingerMiddle {
         

         FrameTransformMatrix {
          0.898572,0.028945,-0.437869,0.000000,0.060890,0.979945,0.189735,0.000000,0.434580,-0.197153,0.878789,0.000000,-0.046442,-0.284415,0.036871,1.000000;;
         }

         Frame bandundeadmale_Bone51 {
          

          FrameTransformMatrix {
           0.997904,0.042730,-0.048594,0.000000,0.055910,-0.191270,0.979944,0.000000,0.032578,-0.980607,-0.193258,0.000000,0.030201,-0.161536,-0.024120,1.000000;;
          }
         }
        }

        Frame bandundeadmale_Bone42_LFingerPinky {
         

         FrameTransformMatrix {
          0.998236,-0.043417,-0.040502,0.000000,0.049815,0.983592,0.173393,0.000000,0.032309,-0.175105,0.984020,0.000000,0.029391,-0.273379,0.031956,1.000000;;
         }

         Frame bandundeadmale_Bone52 {
          

          FrameTransformMatrix {
           0.858961,0.018572,-0.511705,0.000000,0.491678,-0.308943,0.814130,0.000000,-0.142967,-0.950899,-0.274501,0.000000,0.029104,-0.229727,-0.070462,1.000000;;
          }
         }
        }

        Frame bandundeadmale_Bone43_LFingerRing {
         

         FrameTransformMatrix {
          0.818043,0.022810,-0.574704,0.000000,0.349491,0.773870,0.528186,0.000000,0.456794,-0.632933,0.625087,0.000000,0.073274,-0.103451,-0.105410,1.000000;;
         }

         Frame bandundeadmale_Bone53 {
          

          FrameTransformMatrix {
           0.746678,-0.632698,0.205341,0.000000,0.572705,0.454451,-0.682264,0.000000,0.338350,0.627031,0.701678,0.000000,0.029084,-0.076484,-0.040030,1.000000;;
          }
         }
        }

        Frame bandundeadmale_Bone129 {
         

         FrameTransformMatrix {
          1.000000,-0.000000,0.000000,0.000000,-0.000000,1.000000,0.000000,0.000000,0.000000,0.000000,1.000000,0.000000,-0.033508,-0.258326,-0.091006,1.000000;;
         }
        }
       }
      }

      Frame bandundeadmale_Bone118_CHD {
       

       FrameTransformMatrix {
        1.000000,-0.000000,0.000000,0.000000,-0.000000,1.000000,0.000000,0.000000,0.000000,-0.000000,1.000000,0.000000,0.036022,0.002802,-0.002547,1.000000;;
       }
      }
     }

     Frame bandundeadmale_Bone17_ArmL {
      

      FrameTransformMatrix {
       1.000000,-0.000000,-0.000000,0.000000,0.000000,1.000000,0.000000,0.000000,0.000000,-0.000000,1.000000,0.000000,-0.000148,0.523204,0.320885,1.000000;;
      }
     }
    }

    Frame bandundeadmale_Bone10_ShoulderL {
     

     FrameTransformMatrix {
      0.994999,-0.008869,0.099487,0.000000,-0.042079,0.866120,0.498062,0.000000,-0.090585,-0.499757,0.861416,0.000000,0.256386,0.510702,-0.154167,1.000000;;
     }

     Frame bandundeadmale_Bone18 {
      

      FrameTransformMatrix {
       1.000000,-0.000000,0.000000,0.000000,0.000000,1.000000,-0.000000,0.000000,-0.000000,-0.000000,1.000000,0.000000,-0.005268,0.381716,-0.245092,1.000000;;
      }
     }

     Frame bandundeadmale_Bone19 {
      

      FrameTransformMatrix {
       0.832630,0.306469,0.461307,0.000000,-0.433651,0.878869,0.198836,0.000000,-0.344491,-0.365604,0.864673,0.000000,0.014678,-0.088996,-0.403939,1.000000;;
      }

      Frame bandundeadmale_Bone32 {
       

       FrameTransformMatrix {
        0.118492,0.989055,0.087925,0.000000,-0.992538,0.120544,-0.018386,0.000000,-0.028784,-0.085090,0.995957,0.000000,-0.003326,-0.766572,-0.045818,1.000000;;
       }

       Frame bandundeadmale_Bone37 {
        

        FrameTransformMatrix {
         1.000000,0.000000,0.000000,0.000000,0.000000,1.000000,-0.000000,0.000000,-0.000000,0.000000,1.000000,0.000000,0.000000,0.000000,0.000000,1.000000;;
        }
       }

       Frame bandundeadmale_Bone38 {
        

        FrameTransformMatrix {
         0.797805,-0.597176,-0.082996,0.000000,0.577157,0.716643,0.391551,0.000000,-0.174347,-0.360283,0.916406,0.000000,0.112858,-0.579023,-0.038857,1.000000;;
        }

        Frame bandundeadmale_Bone44_LThumb {
         

         FrameTransformMatrix {
          0.951371,0.285486,0.115723,0.000000,-0.175785,0.811622,-0.557108,0.000000,-0.252970,0.509673,0.822338,0.000000,0.139221,-0.219382,-0.006007,1.000000;;
         }

         Frame bandundeadmale_Bone54 {
          

          FrameTransformMatrix {
           0.983713,0.108390,0.143389,0.000000,0.055571,0.575257,-0.816083,0.000000,-0.170941,0.810760,0.559864,0.000000,0.036486,-0.184604,0.024802,1.000000;;
          }
         }
        }

        Frame bandundeadmale_Bone45_RFingerIndex {
         

         FrameTransformMatrix {
          0.997125,0.015457,0.074185,0.000000,0.050144,0.599404,-0.798874,0.000000,-0.056816,0.800297,0.596906,0.000000,0.081080,-0.260100,-0.033175,1.000000;;
         }

         Frame bandundeadmale_Bone55 {
          

          FrameTransformMatrix {
           0.963272,0.227085,0.143313,0.000000,0.093066,0.218292,-0.971436,0.000000,-0.251883,0.949095,0.189141,0.000000,0.054157,-0.239683,0.069155,1.000000;;
          }
         }
        }

        Frame bandundeadmale_Bone46_RFingerMiddle {
         

         FrameTransformMatrix {
          0.933354,-0.061120,0.353715,0.000000,0.338901,0.474809,-0.812221,0.000000,-0.118304,0.877964,0.463879,0.000000,-0.048882,-0.286024,-0.014473,1.000000;;
         }

         Frame bandundeadmale_Bone56 {
          

          FrameTransformMatrix {
           0.925317,0.377511,0.035703,0.000000,-0.028783,0.163806,-0.986073,0.000000,-0.378102,0.911402,0.162439,0.000000,0.038617,-0.160684,0.016645,1.000000;;
          }
         }
        }

        Frame bandundeadmale_Bone47_RFingerPinky {
         

         FrameTransformMatrix {
          0.972550,-0.129245,0.193501,0.000000,0.229621,0.667765,-0.708070,0.000000,-0.037699,0.733066,0.679112,0.000000,0.024498,-0.273684,-0.033434,1.000000;;
         }

         Frame bandundeadmale_Bone57 {
          

          FrameTransformMatrix {
           0.964277,0.231982,0.127886,0.000000,0.047297,0.324242,-0.944791,0.000000,-0.260640,0.917089,0.301687,0.000000,0.055054,-0.227794,0.060545,1.000000;;
          }
         }
        }

        Frame bandundeadmale_Bone48_RFingerRing {
         

         FrameTransformMatrix {
          0.877730,0.004110,-0.479138,0.000000,-0.424598,0.470078,-0.773785,0.000000,0.222052,0.882615,0.414347,0.000000,0.104572,-0.099299,0.079917,1.000000;;
         }

         Frame bandundeadmale_Bone58 {
          

          FrameTransformMatrix {
           0.879145,-0.189166,0.437403,0.000000,-0.086135,0.839652,0.536252,0.000000,-0.468706,-0.509119,0.721882,0.000000,0.043143,-0.075040,0.028385,1.000000;;
          }
         }
        }

        Frame bandundeadmale_Bone130 {
         

         FrameTransformMatrix {
          1.000000,0.000000,0.000000,0.000000,-0.000000,1.000000,0.000000,0.000000,0.000000,-0.000000,1.000000,0.000000,-0.016121,-0.274660,0.098281,1.000000;;
         }
        }

        Frame bandundeadmale_Bone131 {
         

         FrameTransformMatrix {
          1.000000,0.000000,0.000000,0.000000,-0.000000,1.000000,0.000000,0.000000,0.000000,-0.000000,1.000000,0.000000,0.044734,-0.258327,0.094600,1.000000;;
         }
        }

        Frame bandundeadmale_Bone132_CSL {
         

         FrameTransformMatrix {
          1.000000,0.000000,0.000000,0.000000,-0.000000,1.000000,0.000000,0.000000,0.000000,-0.000000,1.000000,0.000000,-0.031190,-0.350987,0.106368,1.000000;;
         }
        }
       }
      }

      Frame bandundeadmale_Bone119 {
       

       FrameTransformMatrix {
        1.000000,0.000000,0.000000,0.000000,-0.000000,1.000000,-0.000000,0.000000,-0.000000,0.000000,1.000000,0.000000,0.036022,0.002801,0.002550,1.000000;;
       }
      }
     }

     Frame bandundeadmale_Bone20_ArmR {
      

      FrameTransformMatrix {
       1.000000,-0.000000,0.000000,0.000000,0.000000,1.000000,-0.000000,0.000000,-0.000000,-0.000000,1.000000,0.000000,-0.000998,0.523242,-0.319143,1.000000;;
      }
     }
    }
   }

   Frame bandundeadmale_Bone4 {
    

    FrameTransformMatrix {
     0.213502,-0.811987,0.543225,0.000000,-0.377320,-0.581436,-0.720807,0.000000,0.901136,-0.051076,-0.430517,0.000000,0.509273,-0.752427,-0.088184,1.000000;;
    }
   }

   Frame bandundeadmale_Bone86 {
    

    FrameTransformMatrix {
     1.000000,0.000000,0.000000,0.000000,-0.000000,1.000000,-0.000000,0.000000,0.000000,-0.000000,1.000000,0.000000,-0.002209,0.197088,0.000000,1.000000;;
    }
   }

   Frame bandundeadmale_Bone87 {
    

    FrameTransformMatrix {
     1.000000,0.000000,0.000000,0.000000,-0.000000,1.000000,-0.000000,0.000000,0.000000,-0.000000,1.000000,0.000000,-0.002209,0.197088,0.000000,1.000000;;
    }
   }

   Frame bandundeadmale_Bone88 {
    

    FrameTransformMatrix {
     1.000000,0.000000,0.000000,0.000000,-0.000000,1.000000,-0.000000,0.000000,0.000000,-0.000000,1.000000,0.000000,-0.002209,0.197088,0.000000,1.000000;;
    }
   }

   Frame bandundeadmale_Bone89 {
    

    FrameTransformMatrix {
     1.000000,0.000000,0.000000,0.000000,-0.000000,1.000000,-0.000000,0.000000,0.000000,-0.000000,1.000000,0.000000,-0.002209,0.197088,0.000000,1.000000;;
    }
   }

   Frame bandundeadmale_Bone90 {
    

    FrameTransformMatrix {
     1.000000,0.000000,0.000000,0.000000,-0.000000,1.000000,-0.000000,0.000000,0.000000,-0.000000,1.000000,0.000000,-0.002209,0.197088,0.000000,1.000000;;
    }
   }

   Frame bandundeadmale_Bone91 {
    

    FrameTransformMatrix {
     1.000000,0.000000,0.000000,0.000000,-0.000000,1.000000,-0.000000,0.000000,0.000000,-0.000000,1.000000,0.000000,-0.002209,0.197088,0.000000,1.000000;;
    }
   }

   Frame bandundeadmale_Bone92 {
    

    FrameTransformMatrix {
     1.000000,0.000000,0.000000,0.000000,-0.000000,1.000000,-0.000000,0.000000,0.000000,-0.000000,1.000000,0.000000,-0.002209,0.197088,0.000000,1.000000;;
    }
   }

   Frame bandundeadmale_Bone93 {
    

    FrameTransformMatrix {
     1.000000,0.000000,0.000000,0.000000,-0.000000,1.000000,-0.000000,0.000000,0.000000,-0.000000,1.000000,0.000000,-0.002209,0.197088,0.000000,1.000000;;
    }
   }

   Frame bandundeadmale_Bone94 {
    

    FrameTransformMatrix {
     1.000000,0.000000,0.000000,0.000000,-0.000000,1.000000,-0.000000,0.000000,0.000000,-0.000000,1.000000,0.000000,-0.002209,0.197088,0.000000,1.000000;;
    }
   }

   Frame bandundeadmale_Bone95 {
    

    FrameTransformMatrix {
     1.000000,0.000000,0.000000,0.000000,-0.000000,1.000000,-0.000000,0.000000,0.000000,-0.000000,1.000000,0.000000,-0.002209,0.197088,0.000000,1.000000;;
    }
   }

   Frame bandundeadmale_Bone96 {
    

    FrameTransformMatrix {
     1.000000,0.000000,0.000000,0.000000,-0.000000,1.000000,-0.000000,0.000000,0.000000,-0.000000,1.000000,0.000000,-0.002209,0.197088,0.000000,1.000000;;
    }
   }

   Frame bandundeadmale_Bone97 {
    

    FrameTransformMatrix {
     1.000000,0.000000,0.000000,0.000000,-0.000000,1.000000,-0.000000,0.000000,0.000000,-0.000000,1.000000,0.000000,-0.002209,0.197088,0.000000,1.000000;;
    }
   }
  }

  Frame bandundeadmale_Bone2_SpineLow {
   

   FrameTransformMatrix {
    0.899718,0.435876,-0.022810,0.000000,-0.433778,0.887144,-0.157518,0.000000,-0.048423,0.151616,0.987253,0.000000,0.025931,-0.133863,0.000000,1.000000;;
   }

   Frame bandundeadmale_Bone5 {
    

    FrameTransformMatrix {
     0.902254,0.401791,0.156527,0.000000,-0.326365,0.873552,-0.361099,0.000000,-0.281821,0.274718,0.919297,0.000000,-0.014533,-0.190439,0.263325,1.000000;;
    }

    Frame bandundeadmale_Bone11_ShoulderR {
     

     FrameTransformMatrix {
      0.356321,-0.934139,-0.020508,0.000000,0.934139,0.356631,-0.014125,0.000000,0.020508,-0.014125,0.999690,0.000000,0.099547,-1.007994,-0.022130,1.000000;;
     }

     Frame bandundeadmale_Bone21 {
      

      FrameTransformMatrix {
       0.956335,0.289040,0.043350,0.000000,-0.291709,0.934731,0.202937,0.000000,0.018136,-0.206721,0.978232,0.000000,-0.175437,-1.037333,-0.022748,1.000000;;
      }

      Frame bandundeadmale_Bone33 {
       

       FrameTransformMatrix {
        0.999601,-0.001454,0.028223,0.000000,-0.000723,0.997033,0.076970,0.000000,-0.028251,-0.076960,0.996634,0.000000,0.434102,-0.159711,-0.002274,1.000000;;
       }
      }
     }
    }
   }

   Frame bandundeadmale_Bone6 {
    

    FrameTransformMatrix {
     0.977813,0.026708,-0.207770,0.000000,0.128686,0.706037,0.696384,0.000000,0.165292,-0.707671,0.686936,0.000000,-0.014533,-0.190439,-0.263333,1.000000;;
    }

    Frame bandundeadmale_Bone12 {
     

     FrameTransformMatrix {
      0.367298,-0.929880,0.020361,0.000000,0.929892,0.367593,0.013257,0.000000,-0.019812,0.014064,0.999705,0.000000,0.099546,-1.008001,0.021802,1.000000;;
     }

     Frame bandundeadmale_Bone22 {
      

      FrameTransformMatrix {
       0.742836,0.669196,-0.019251,0.000000,-0.601470,0.654477,-0.458141,0.000000,-0.293987,0.351903,0.888671,0.000000,-0.175439,-1.037337,0.022578,1.000000;;
      }

      Frame bandundeadmale_Bone34 {
       

       FrameTransformMatrix {
        1.000000,-0.000000,-0.000000,0.000000,0.000000,1.000000,0.000000,0.000000,0.000000,-0.000000,1.000000,0.000000,0.435498,-0.158992,-0.000001,1.000000;;
       }
      }
     }
    }
   }

   Frame bandundeadmale_Bone7 {
    

    FrameTransformMatrix {
     0.986487,-0.163399,-0.012021,0.000000,0.163708,0.985983,0.032200,0.000000,0.006591,-0.033733,0.999409,0.000000,-0.304205,-0.057371,0.000000,1.000000;;
    }

    Frame bandundeadmale_Bone13 {
     

     FrameTransformMatrix {
      0.999940,0.005888,-0.009294,0.000000,-0.005338,0.998296,0.058110,0.000000,0.009620,-0.058056,0.998267,0.000000,-0.011276,-0.372106,-0.000000,1.000000;;
     }

     Frame bandundeadmale_Bone23 {
      

      FrameTransformMatrix {
       0.956253,-0.292436,-0.007820,0.000000,0.292513,0.956188,0.011853,0.000000,0.004011,-0.013622,0.999899,0.000000,-0.007518,-0.327003,0.000000,1.000000;;
      }
     }
    }
   }
  }
 }

 Frame bandundeadmale_Bone63_NameMount {
  

  FrameTransformMatrix {
   1.000000,0.000000,0.000000,0.000000,0.000000,1.000000,0.000000,0.000000,0.000000,0.000000,1.000000,0.000000,0.000000,0.000000,0.000000,1.000000;;
  }
 }

 Frame bandundeadmale_Bone64 {
  

  FrameTransformMatrix {
   1.000000,0.000000,0.000000,0.000000,0.000000,1.000000,0.000000,0.000000,0.000000,0.000000,1.000000,0.000000,0.000000,0.000000,0.000000,1.000000;;
  }
 }

 Frame bandundeadmale_Bone65 {
  

  FrameTransformMatrix {
   1.000000,0.000000,0.000000,0.000000,0.000000,1.000000,0.000000,0.000000,0.000000,0.000000,1.000000,0.000000,0.435300,0.000000,0.216381,1.000000;;
  }
 }

 Frame bandundeadmale_Bone66 {
  

  FrameTransformMatrix {
   1.000000,0.000000,0.000000,0.000000,0.000000,1.000000,0.000000,0.000000,0.000000,0.000000,1.000000,0.000000,0.283534,0.000000,-0.221066,1.000000;;
  }
 }

 Frame bandundeadmale_Bone67 {
  

  FrameTransformMatrix {
   1.000000,0.000000,0.000000,0.000000,0.000000,1.000000,0.000000,0.000000,0.000000,0.000000,1.000000,0.000000,0.332410,0.000000,0.235149,1.000000;;
  }
 }

 Frame bandundeadmale_Bone68 {
  

  FrameTransformMatrix {
   1.000000,0.000000,0.000000,0.000000,0.000000,1.000000,0.000000,0.000000,0.000000,0.000000,1.000000,0.000000,0.129768,0.000000,-0.221511,1.000000;;
  }
 }

 Frame bandundeadmale_Bone69 {
  

  FrameTransformMatrix {
   1.000000,0.000000,0.000000,0.000000,0.000000,1.000000,0.000000,0.000000,0.000000,0.000000,1.000000,0.000000,0.608423,0.000000,0.266321,1.000000;;
  }
 }

 Frame bandundeadmale_Bone70 {
  

  FrameTransformMatrix {
   1.000000,0.000000,0.000000,0.000000,0.000000,1.000000,0.000000,0.000000,0.000000,0.000000,1.000000,0.000000,0.237954,0.000000,-0.208427,1.000000;;
  }
 }

 Frame bandundeadmale_Bone71 {
  

  FrameTransformMatrix {
   1.000000,0.000000,0.000000,0.000000,0.000000,1.000000,0.000000,0.000000,0.000000,0.000000,1.000000,0.000000,-0.348365,0.000000,0.258725,1.000000;;
  }
 }

 Frame bandundeadmale_Bone72 {
  

  FrameTransformMatrix {
   1.000000,0.000000,0.000000,0.000000,0.000000,1.000000,0.000000,0.000000,0.000000,0.000000,1.000000,0.000000,-0.220435,0.000007,-0.293028,1.000000;;
  }
 }

 Frame bandundeadmale_Bone73 {
  

  FrameTransformMatrix {
   1.000000,0.000000,0.000000,0.000000,0.000000,1.000000,0.000000,0.000000,0.000000,0.000000,1.000000,0.000000,0.000000,0.000000,0.000000,1.000000;;
  }
 }

 Frame bandundeadmale_Bone74 {
  

  FrameTransformMatrix {
   1.000000,0.000000,0.000000,0.000000,0.000000,1.000000,0.000000,0.000000,0.000000,0.000000,1.000000,0.000000,-0.884286,0.000000,-0.202877,1.000000;;
  }
 }

 Frame bandundeadmale_Bone75 {
  

  FrameTransformMatrix {
   1.000000,0.000000,0.000000,0.000000,0.000000,1.000000,0.000000,0.000000,0.000000,0.000000,1.000000,0.000000,-0.851445,0.000000,0.196450,1.000000;;
  }
 }

 Frame bandundeadmale_Bone76 {
  

  FrameTransformMatrix {
   1.000000,0.000000,0.000000,0.000000,0.000000,1.000000,0.000000,0.000000,0.000000,0.000000,1.000000,0.000000,0.032390,0.000000,0.443804,1.000000;;
  }
 }

 Frame bandundeadmale_Bone77 {
  

  FrameTransformMatrix {
   1.000000,0.000000,0.000000,0.000000,0.000000,1.000000,0.000000,0.000000,0.000000,0.000000,1.000000,0.000000,-0.606469,0.000000,-0.633164,1.000000;;
  }
 }

 Frame bandundeadmale_Bone78 {
  

  FrameTransformMatrix {
   1.000000,0.000000,0.000000,0.000000,0.000000,1.000000,0.000000,0.000000,0.000000,0.000000,1.000000,0.000000,0.504837,0.000000,-0.202877,1.000000;;
  }
 }

 Frame bandundeadmale_Bone79 {
  

  FrameTransformMatrix {
   1.000000,0.000000,0.000000,0.000000,0.000000,1.000000,0.000000,0.000000,0.000000,0.000000,1.000000,0.000000,0.485876,0.000000,0.196450,1.000000;;
  }
 }

 Frame bandundeadmale_Bone80 {
  

  FrameTransformMatrix {
   1.000000,0.000000,0.000000,0.000000,0.000000,1.000000,0.000000,0.000000,0.000000,0.000000,1.000000,0.000000,-0.277778,2.777778,0.000000,1.000000;;
  }
 }

 Frame bandundeadmale_Bone81 {
  

  FrameTransformMatrix {
   1.000000,0.000000,0.000000,0.000000,0.000000,1.000000,0.000000,0.000000,0.000000,0.000000,1.000000,0.000000,0.042319,1.800618,-0.536413,1.000000;;
  }
 }
}

Frame bandundeadmale_Bone113 {
 

 FrameTransformMatrix {
  -0.032290,-0.298430,-0.399871,0.000000,-0.158817,0.386014,-0.275264,0.000000,0.473006,0.109236,-0.119720,0.000000,-0.007701,1.089800,0.021188,1.000000;;
 }
}

Frame bandundeadmale_0 {
 

 FrameTransformMatrix {
  1.000000,0.000000,0.000000,0.000000,0.000000,1.000000,0.000000,0.000000,0.000000,0.000000,1.000000,0.000000,0.000000,0.000000,0.000000,1.000000;;
 }

 Mesh bandundeadmale_0 {
  907;
  -0.422010;1.267051;0.038525;,
  -0.406883;1.239129;-0.007734;,
  -0.372313;1.294918;-0.009658;,
  -0.489103;1.166774;0.031072;,
  -0.446678;1.135061;-0.048009;,
  -0.522335;1.088441;-0.002711;,
  -0.488692;1.060597;-0.051405;,
  -0.513829;1.028465;-0.024479;,
  -0.403107;1.282615;0.083298;,
  -0.458855;1.130495;0.085968;,
  -0.522727;1.094447;0.048112;,
  -0.535854;1.047330;0.025460;,
  -0.400738;1.081971;0.068170;,
  -0.498881;1.057731;0.075617;,
  -0.528357;1.041067;0.054088;,
  -0.446469;1.009491;0.062871;,
  -0.498881;1.057731;0.075617;,
  -0.446469;1.009491;0.062871;,
  -0.482287;0.995007;0.057019;,
  -0.406883;1.239129;-0.007734;,
  -0.366777;1.323684;-0.045956;,
  -0.372313;1.294918;-0.009658;,
  -0.343177;1.340964;-0.045708;,
  -0.333513;1.340988;-0.077140;,
  -0.312385;1.345820;-0.058933;,
  -0.312669;1.321441;-0.075956;,
  -0.367889;1.211160;-0.058484;,
  -0.320696;1.262842;-0.060474;,
  -0.324426;1.295088;-0.079300;,
  -0.446678;1.135061;-0.048009;,
  -0.398893;1.231623;-0.050493;,
  -0.353466;1.319329;-0.078963;,
  -0.475453;1.018759;-0.053865;,
  -0.440896;1.037800;-0.067709;,
  -0.396010;1.094451;-0.054653;,
  -0.367889;1.211160;-0.058484;,
  -0.325326;1.185820;-0.052915;,
  -0.320696;1.262842;-0.060474;,
  -0.292677;1.177487;-0.023820;,
  -0.448463;1.003804;-0.053471;,
  -0.418190;1.024739;-0.047519;,
  -0.369078;1.068238;-0.000731;,
  -0.411288;1.003644;0.001666;,
  -0.400738;1.081971;0.068170;,
  -0.435420;0.990946;-0.018491;,
  -0.449632;0.988504;0.035956;,
  -0.446469;1.009491;0.062871;,
  -0.528422;0.969346;0.055991;,
  -0.476315;0.964982;0.064632;,
  -0.516850;1.037355;0.032709;,
  -0.463873;1.004681;0.038980;,
  -0.324426;1.295088;-0.079300;,
  -0.333513;1.340988;-0.077140;,
  -0.312669;1.321441;-0.075956;,
  -0.353466;1.319329;-0.078963;,
  -0.367889;1.211160;-0.058484;,
  -0.398893;1.231623;-0.050493;,
  -0.446678;1.135061;-0.048009;,
  -0.406883;1.239129;-0.007734;,
  -0.366777;1.323684;-0.045956;,
  -0.450544;0.991211;-0.013499;,
  -0.400738;1.081971;0.068170;,
  -0.372313;1.294918;-0.009658;,
  -0.343177;1.340964;-0.045708;,
  -0.343177;1.340964;-0.045708;,
  -0.312385;1.345820;-0.058933;,
  -0.312669;1.321441;-0.075956;,
  -0.369078;1.068238;-0.000731;,
  -0.473392;0.940855;0.027129;,
  -0.320696;1.262842;-0.060474;,
  -0.475453;1.018759;-0.053865;,
  -0.488692;1.060597;-0.051405;,
  -0.440896;1.037800;-0.067709;,
  -0.448463;1.003804;-0.053471;,
  -0.418190;1.024739;-0.047519;,
  -0.435420;0.990946;-0.018491;,
  -0.411288;1.003644;0.001666;,
  -0.449632;0.988504;0.035956;,
  -0.446469;1.009491;0.062871;,
  -0.446678;1.135061;-0.048009;,
  -0.396010;1.094451;-0.054653;,
  -0.369078;1.068238;-0.000731;,
  -0.400738;1.081971;0.068170;,
  -0.501232;0.929057;0.072369;,
  -0.396010;1.094451;-0.054653;,
  -0.489103;1.166774;0.031072;,
  -0.458855;1.130495;0.085968;,
  -0.367889;1.211160;-0.058484;,
  -0.320696;1.262842;-0.060474;,
  -0.325326;1.185820;-0.052915;,
  -0.292677;1.177487;-0.023820;,
  -0.504710;1.015869;-0.034836;,
  -0.446678;1.135061;-0.048009;,
  -0.531537;0.978284;-0.049429;,
  -0.550754;0.973016;-0.000778;,
  -0.545896;0.936397;-0.041169;,
  -0.542703;0.915523;-0.011751;,
  -0.446469;1.009491;0.062871;,
  -0.400738;1.081971;0.068170;,
  -0.498881;1.057731;0.075617;,
  -0.482287;0.995007;0.057019;,
  -0.495723;0.944525;-0.029640;,
  -0.458855;1.130495;0.085968;,
  -0.522727;1.094447;0.048112;,
  -0.528357;1.041067;0.054088;,
  -0.403107;1.282615;0.083298;,
  -0.489103;1.166774;0.031072;,
  -0.522335;1.088441;-0.002711;,
  -0.535854;1.047330;0.025460;,
  -0.422010;1.267051;0.038525;,
  -0.513829;1.028465;-0.024479;,
  -0.406883;1.239129;-0.007734;,
  -0.372313;1.294918;-0.009658;,
  -0.330718;1.333756;0.028120;,
  -0.306673;1.312749;-0.047059;,
  -0.330718;1.333756;0.028120;,
  -0.280628;1.316315;-0.054910;,
  -0.306673;1.312749;-0.047059;,
  -0.306673;1.312749;-0.047059;,
  -0.284013;1.256377;-0.043913;,
  -0.306673;1.312749;-0.047059;,
  -0.254627;1.256071;-0.047197;,
  -0.280628;1.316315;-0.054910;,
  -0.254737;1.313133;-0.035143;,
  -0.284013;1.256377;-0.043913;,
  -0.306673;1.312749;-0.047059;,
  -0.306673;1.312749;-0.047059;,
  -0.312385;1.345820;-0.058933;,
  -0.320696;1.262842;-0.060474;,
  -0.306673;1.312749;-0.047059;,
  -0.275205;1.343943;0.019640;,
  -0.254737;1.313133;-0.035143;,
  -0.315044;1.289619;0.115981;,
  -0.296806;1.150544;0.093440;,
  -0.036380;1.154548;-0.033045;,
  0.058957;1.196897;-0.043515;,
  -0.007572;1.085815;0.018060;,
  0.117856;1.126387;0.025446;,
  -0.120069;1.071441;0.085666;,
  -0.133933;1.152351;0.005306;,
  -0.251205;1.174688;0.021516;,
  -0.257327;1.103165;0.071925;,
  -0.315044;1.289619;0.115981;,
  -0.296806;1.150544;0.093440;,
  -0.214480;1.195139;0.226732;,
  -0.251205;1.174688;0.021516;,
  -0.257327;1.103165;0.071925;,
  -0.296806;1.150544;0.093440;,
  -0.251205;1.174688;0.021516;,
  -0.251205;1.174688;0.021516;,
  -0.257327;1.103165;0.071925;,
  -0.296806;1.150544;0.093440;,
  -0.315044;1.289619;0.115981;,
  -0.296806;1.150544;0.093440;,
  -0.315044;1.289619;0.115981;,
  -0.035444;1.301476;0.241955;,
  0.014081;1.291535;0.291317;,
  -0.003583;1.322476;0.249760;,
  0.026728;1.315834;0.226219;,
  -0.149710;1.269872;-0.041242;,
  -0.073120;1.249831;-0.055235;,
  -0.254627;1.256071;-0.047197;,
  -0.254737;1.313133;-0.035143;,
  -0.125207;1.305575;-0.127779;,
  -0.167991;1.341080;-0.054729;,
  -0.092244;1.410292;-0.028986;,
  -0.149067;1.400314;-0.114794;,
  -0.167991;1.341080;-0.054729;,
  -0.107274;1.430771;-0.098137;,
  -0.149067;1.400314;-0.114794;,
  -0.053602;1.424988;-0.103847;,
  -0.009937;1.435143;-0.198901;,
  -0.013836;1.445673;-0.213380;,
  -0.067531;1.489845;-0.155331;,
  -0.070086;1.506208;-0.195520;,
  -0.036053;1.453936;-0.266096;,
  -0.081802;1.505384;-0.228174;,
  -0.078954;1.454072;-0.291017;,
  -0.107199;1.488857;-0.257538;,
  -0.144738;1.472595;-0.247203;,
  -0.130915;1.508092;-0.212244;,
  -0.162961;1.483135;-0.200637;,
  -0.145913;1.511360;-0.168271;,
  -0.048796;1.408302;-0.311896;,
  0.003815;1.392665;-0.285105;,
  -0.012446;1.379228;-0.145918;,
  -0.021276;1.341124;-0.109651;,
  -0.004510;1.369330;-0.163255;,
  -0.031522;1.389243;-0.110315;,
  -0.015081;1.421470;-0.161245;,
  -0.012446;1.379228;-0.145918;,
  -0.004510;1.369330;-0.163255;,
  -0.030173;1.297230;-0.182100;,
  -0.006764;1.269845;-0.212332;,
  0.005576;1.278281;-0.206140;,
  -0.021731;1.264054;-0.214396;,
  0.006787;1.406248;-0.215291;,
  -0.105656;1.316634;-0.193836;,
  -0.117207;1.324649;-0.177592;,
  -0.141470;1.355623;-0.199459;,
  0.024145;1.350279;-0.212293;,
  0.017788;1.334928;-0.240103;,
  0.013859;1.298029;-0.228163;,
  -0.104546;1.288860;-0.107920;,
  -0.068133;1.278079;-0.106036;,
  0.019647;1.359336;-0.244436;,
  -0.149846;1.358661;-0.123884;,
  -0.149067;1.400314;-0.114794;,
  -0.073325;1.352477;-0.308428;,
  -0.109965;1.415429;-0.288443;,
  -0.137425;1.381285;-0.250747;,
  -0.165334;1.456585;-0.224318;,
  -0.171850;1.435496;-0.186872;,
  -0.116076;1.342238;-0.252439;,
  -0.137621;1.368621;-0.237507;,
  -0.073289;1.310917;-0.272535;,
  -0.082730;1.294599;-0.244606;,
  -0.055681;1.296651;-0.262316;,
  -0.030931;1.274695;-0.241705;,
  -0.031846;1.287503;-0.253064;,
  0.000589;1.277576;-0.249976;,
  -0.066164;1.312144;-0.270601;,
  -0.032440;1.321248;-0.263272;,
  -0.022074;1.305880;-0.261191;,
  -0.010886;1.311067;-0.269731;,
  -0.006517;1.300234;-0.265513;,
  -0.004253;1.290275;-0.255842;,
  0.009533;1.309061;-0.240553;,
  -0.005479;1.314525;-0.256174;,
  -0.011459;1.332179;-0.256928;,
  0.014520;1.354179;-0.246206;,
  -0.003552;1.275884;-0.233363;,
  0.005576;1.278281;-0.206140;,
  -0.006764;1.269845;-0.212332;,
  -0.004422;1.269685;-0.219804;,
  -0.021731;1.264054;-0.214396;,
  -0.164745;1.405932;-0.151968;,
  -0.149846;1.358661;-0.123884;,
  -0.117207;1.324649;-0.177592;,
  -0.125207;1.305575;-0.127779;,
  -0.105656;1.316634;-0.193836;,
  -0.149846;1.358661;-0.123884;,
  -0.149067;1.400314;-0.114794;,
  -0.107274;1.430771;-0.098137;,
  -0.163263;1.437470;-0.129258;,
  -0.171376;1.467322;-0.158641;,
  -0.147229;1.494866;-0.135497;,
  -0.138573;1.464485;-0.111775;,
  -0.098618;1.471150;-0.109713;,
  -0.053602;1.424988;-0.103847;,
  -0.063737;1.458556;-0.121428;,
  -0.104611;1.502105;-0.138455;,
  -0.102002;1.514894;-0.182206;,
  -0.068133;1.278079;-0.106036;,
  -0.031522;1.389243;-0.110315;,
  -0.011460;1.366045;-0.080185;,
  -0.021276;1.341124;-0.109651;,
  -0.011460;1.366045;-0.080185;,
  -0.053602;1.424988;-0.103847;,
  -0.053602;1.424988;-0.103847;,
  0.001156;1.295950;-0.069236;,
  0.071718;1.408515;-0.083776;,
  0.099348;1.363013;-0.107598;,
  -0.041605;1.305128;-0.100702;,
  0.085513;1.427606;-0.106501;,
  0.071718;1.408515;-0.083776;,
  0.085751;1.441005;-0.027945;,
  0.071718;1.408515;-0.083776;,
  0.085513;1.427606;-0.106501;,
  0.099348;1.363013;-0.107598;,
  0.011771;1.316809;-0.186950;,
  0.005576;1.278281;-0.206140;,
  0.017860;1.290106;-0.182221;,
  0.007733;1.283656;-0.212684;,
  0.017860;1.290106;-0.182221;,
  -0.062599;1.278063;-0.209436;,
  -0.047128;1.256248;-0.201871;,
  -0.023946;1.267152;-0.222262;,
  -0.047128;1.256248;-0.201871;,
  0.147843;1.294499;-0.097956;,
  0.195204;1.446884;-0.133613;,
  0.239815;1.398130;-0.110481;,
  0.196461;1.483410;-0.125109;,
  0.138779;1.406790;-0.144696;,
  0.195204;1.446884;-0.133613;,
  0.124669;1.458144;-0.123110;,
  0.147843;1.294499;-0.097956;,
  0.182075;1.222642;-0.068649;,
  0.193080;1.359805;-0.176355;,
  0.226774;1.379302;-0.154755;,
  0.239815;1.398130;-0.110481;,
  0.303483;1.297586;-0.126722;,
  0.304292;1.320970;-0.065787;,
  0.187968;1.266567;-0.033146;,
  0.219200;1.217101;-0.085712;,
  0.262018;1.248753;-0.141417;,
  0.278042;1.155716;-0.073792;,
  0.271634;1.181645;-0.006538;,
  0.306177;1.143050;-0.049813;,
  0.219200;1.217101;-0.085712;,
  0.287009;1.224391;0.018153;,
  0.309494;1.176850;0.005856;,
  0.211600;1.239725;-0.011690;,
  0.136224;1.387460;0.017177;,
  0.187968;1.266567;-0.033146;,
  0.331732;1.197337;0.004986;,
  0.327714;1.248411;-0.001475;,
  0.250807;1.296924;0.009184;,
  0.117724;1.371689;-0.006352;,
  0.167475;1.382230;-0.010593;,
  0.109029;1.449392;-0.047430;,
