xof 0303txt 0032
template ColorRGBA {
 <35ff44e0-6c7c-11cf-8f52-0040333594a3>
 FLOAT red;
 FLOAT green;
 FLOAT blue;
 FLOAT alpha;
}

template ColorRGB {
 <d3e16e81-7835-11cf-8f52-0040333594a3>
 FLOAT red;
 FLOAT green;
 FLOAT blue;
}

template Material {
 <3d82ab4d-62da-11cf-ab39-0020af71e433>
 ColorRGBA faceColor;
 FLOAT power;
 ColorRGB specularColor;
 ColorRGB emissiveColor;
 [...]
}

template TextureFilename {
 <a42790e1-7810-11cf-8f52-0040333594a3>
 STRING filename;
}

template Frame {
 <3d82ab46-62da-11cf-ab39-0020af71e433>
 [...]
}

template Matrix4x4 {
 <f6f23f45-7686-11cf-8f52-0040333594a3>
 array FLOAT matrix[16];
}

template FrameTransformMatrix {
 <f6f23f41-7686-11cf-8f52-0040333594a3>
 Matrix4x4 frameMatrix;
}

template Vector {
 <3d82ab5e-62da-11cf-ab39-0020af71e433>
 FLOAT x;
 FLOAT y;
 FLOAT z;
}

template MeshFace {
 <3d82ab5f-62da-11cf-ab39-0020af71e433>
 DWORD nFaceVertexIndices;
 array DWORD faceVertexIndices[nFaceVertexIndices];
}

template Mesh {
 <3d82ab44-62da-11cf-ab39-0020af71e433>
 DWORD nVertices;
 array Vector vertices[nVertices];
 DWORD nFaces;
 array MeshFace faces[nFaces];
 [...]
}

template MeshMaterialList {
 <f6f23f42-7686-11cf-8f52-0040333594a3>
 DWORD nMaterials;
 DWORD nFaceIndexes;
 array DWORD faceIndexes[nFaceIndexes];
 [Material <3d82ab4d-62da-11cf-ab39-0020af71e433>]
}

template VertexElement {
 <f752461c-1e23-48f6-b9f8-8350850f336f>
 DWORD Type;
 DWORD Method;
 DWORD Usage;
 DWORD UsageIndex;
}

template DeclData {
 <bf22e553-292c-4781-9fea-62bd554bdd93>
 DWORD nElements;
 array VertexElement Elements[nElements];
 DWORD nDWords;
 array DWORD data[nDWords];
}

template XSkinMeshHeader {
 <3cf169ce-ff7c-44ab-93c0-f78f62d172e2>
 WORD nMaxSkinWeightsPerVertex;
 WORD nMaxSkinWeightsPerFace;
 WORD nBones;
}

template SkinWeights {
 <6f0d123b-bad2-4167-a0d0-80224f25fabb>
 STRING transformNodeName;
 DWORD nWeights;
 array DWORD vertexIndices[nWeights];
 array FLOAT weights[nWeights];
 Matrix4x4 matrixOffset;
}

template AnimTicksPerSecond {
 <9e415a43-7ba6-4a73-8743-b73d47e88476>
 DWORD AnimTicksPerSecond;
}

template Animation {
 <3d82ab4f-62da-11cf-ab39-0020af71e433>
 [...]
}

template AnimationSet {
 <3d82ab50-62da-11cf-ab39-0020af71e433>
 [Animation <3d82ab4f-62da-11cf-ab39-0020af71e433>]
}

template FloatKeys {
 <10dd46a9-775b-11cf-8f52-0040333594a3>
 DWORD nValues;
 array FLOAT values[nValues];
}

template TimedFloatKeys {
 <f406b180-7b3b-11cf-8f52-0040333594a3>
 DWORD time;
 FloatKeys tfkeys;
}

template AnimationKey {
 <10dd46a8-775b-11cf-8f52-0040333594a3>
 DWORD keyType;
 DWORD nKeys;
 array TimedFloatKeys keys[nKeys];
}


Material Material__26 {
 0.588000;0.588000;0.588000;1.000000;;
 10.000000;
 0.000000;0.000000;0.000000;;
 0.000000;0.000000;0.000000;;

 TextureFilename {
  "LadySylvanasWindrunner_01.png";
 }
}

Material Material__28 {
 0.588000;0.588000;0.588000;1.000000;;
 10.000000;
 0.000000;0.000000;0.000000;;
 0.000000;0.000000;0.000000;;

 TextureFilename {
  "LadySylvanasWindrunner_02.png";
 }
}

Frame ladysylvanaswindrunner_Bone_Root {
 

 FrameTransformMatrix {
  0.000000,0.000000,-0.500000,0.000000,0.000000,0.500000,0.000000,0.000000,0.500000,0.000000,0.000000,0.000000,0.000000,0.000000,0.000000,1.000000;;
 }

 Frame ladysylvanaswindrunner_Bone0 {
  

  FrameTransformMatrix {
   1.000000,0.000000,0.000000,0.000000,0.000000,1.000000,0.000000,0.000000,0.000000,0.000000,1.000000,0.000000,0.000000,0.000000,0.000000,1.000000;;
  }

  Frame ladysylvanaswindrunner_Bone1 {
   

   FrameTransformMatrix {
    1.000000,0.000000,0.000000,0.000000,0.000000,1.000000,0.000000,0.000000,0.000000,0.000000,1.000000,0.000000,0.069011,3.430569,0.053899,1.000000;;
   }

   Frame ladysylvanaswindrunner_Bone2_Root {
    

    FrameTransformMatrix {
     0.972656,0.054977,0.225651,0.000000,0.005334,0.966035,-0.258356,0.000000,-0.232191,0.252495,0.939326,0.000000,-0.000000,0.039614,-0.001859,1.000000;;
    }

    Frame ladysylvanaswindrunner_Bone4_Waist {
     

     FrameTransformMatrix {
      0.993754,-0.111116,0.010298,0.000000,0.108421,0.983239,0.146584,0.000000,-0.026413,-0.144552,0.989145,0.000000,0.034382,0.203692,-0.000656,1.000000;;
     }

     Frame ladysylvanaswindrunner_Bone8 {
      

      FrameTransformMatrix {
       0.995601,0.091073,0.022002,0.000000,-0.093674,0.972276,0.214251,0.000000,-0.001879,-0.215369,0.976531,0.000000,-0.026198,0.462022,0.000000,1.000000;;
      }

      Frame ladysylvanaswindrunner_Bone14 {
       

       FrameTransformMatrix {
        0.977824,0.183207,-0.101469,0.000000,-0.192302,0.977335,-0.088528,0.000000,0.082951,0.106077,0.990892,0.000000,-0.153490,0.763146,0.000000,1.000000;;
       }

       Frame ladysylvanaswindrunner_Bone20 {
        

        FrameTransformMatrix {
         0.927141,-0.331382,-0.174917,0.000000,0.336249,0.941771,-0.001919,0.000000,0.165368,-0.057036,0.984581,0.000000,0.035869,0.295358,-0.000000,1.000000;;
        }

        Frame ladysylvanaswindrunner_Bone25 {
         

         FrameTransformMatrix {
          0.999998,-0.001892,-0.000366,0.000000,0.001892,0.999998,-0.000245,0.000000,0.000366,0.000244,1.000000,0.000000,0.032126,0.207730,0.227735,1.000000;;
         }

         Frame ladysylvanaswindrunner_Bone36 {
          

          FrameTransformMatrix {
           0.997502,0.067293,-0.021488,0.000000,-0.066391,0.996983,0.040222,0.000000,0.024130,-0.038695,0.998960,0.000000,-0.206027,0.268323,0.085500,1.000000;;
          }
         }
        }

        Frame ladysylvanaswindrunner_Bone26 {
         

         FrameTransformMatrix {
          0.998192,-0.055091,-0.024033,0.000000,0.058069,0.987125,0.149039,0.000000,0.015512,-0.150165,0.988539,0.000000,0.348149,0.227657,0.055392,1.000000;;
         }

         Frame ladysylvanaswindrunner_Bone37 {
          

          FrameTransformMatrix {
           0.994174,0.099384,-0.041726,0.000000,-0.089959,0.978285,0.186726,0.000000,0.059378,-0.181885,0.981525,0.000000,-0.049945,0.114124,0.208594,1.000000;;
          }
         }
        }

        Frame ladysylvanaswindrunner_Bone27 {
         

         FrameTransformMatrix {
          1.000000,-0.000000,-0.000000,0.000000,0.000000,1.000000,-0.000000,0.000000,0.000000,0.000000,1.000000,0.000000,0.163291,0.039327,-0.000000,1.000000;;
         }
        }

        Frame ladysylvanaswindrunner_Bone28_Jaw {
         

         FrameTransformMatrix {
          1.000000,-0.000000,-0.000000,0.000000,0.000000,1.000000,-0.000000,0.000000,0.000000,0.000000,1.000000,0.000000,0.346559,-0.004734,0.065760,1.000000;;
         }
        }

        Frame ladysylvanaswindrunner_Bone29 {
         

         FrameTransformMatrix {
          0.999775,-0.021176,-0.001362,0.000000,0.021036,0.997503,-0.067427,0.000000,0.002786,0.067383,0.997724,0.000000,0.348769,0.205445,-0.064959,1.000000;;
         }

         Frame ladysylvanaswindrunner_Bone38 {
          

          FrameTransformMatrix {
           0.994177,0.099378,0.041669,0.000000,-0.089966,0.978296,-0.186664,0.000000,-0.059315,0.181828,0.981540,0.000000,-0.049945,0.114124,-0.208594,1.000000;;
          }
         }
        }

        Frame ladysylvanaswindrunner_Bone30 {
         

         FrameTransformMatrix {
          0.999998,-0.001892,0.000305,0.000000,0.001892,0.999998,0.000305,0.000000,-0.000305,-0.000305,1.000000,0.000000,0.032126,0.207732,-0.227749,1.000000;;
         }

         Frame ladysylvanaswindrunner_Bone39 {
          

          FrameTransformMatrix {
           0.997503,0.067291,0.021429,0.000000,-0.066393,0.996985,-0.040159,0.000000,-0.024067,0.038636,0.998964,0.000000,-0.206027,0.268316,-0.085500,1.000000;;
          }
         }
        }

        Frame ladysylvanaswindrunner_Bone31 {
         

         FrameTransformMatrix {
          1.000000,-0.000000,-0.000000,0.000000,0.000000,1.000000,-0.000000,0.000000,0.000000,0.000000,1.000000,0.000000,0.346559,-0.004731,-0.064264,1.000000;;
         }
        }

        Frame ladysylvanaswindrunner_Bone117 {
         

         FrameTransformMatrix {
          1.000000,-0.000000,-0.000000,0.000000,0.000000,1.000000,-0.000000,0.000000,0.000000,0.000000,1.000000,0.000000,0.457232,-0.000000,0.000000,1.000000;;
         }
        }

        Frame ladysylvanaswindrunner_Bone118_Breath {
         

         FrameTransformMatrix {
          1.000000,-0.000000,-0.000000,0.000000,0.000000,1.000000,-0.000000,0.000000,0.000000,0.000000,1.000000,0.000000,0.392325,-0.011315,0.000656,1.000000;;
         }
        }

        Frame ladysylvanaswindrunner_Bone119_BTH {
         

         FrameTransformMatrix {
          1.000000,-0.000000,-0.000000,0.000000,0.000000,1.000000,-0.000000,0.000000,0.000000,0.000000,1.000000,0.000000,0.360490,0.237973,-0.000000,1.000000;;
         }
        }
       }
      }

      Frame ladysylvanaswindrunner_Bone15 {
       

       FrameTransformMatrix {
        0.974624,0.148271,0.167703,0.000000,-0.125288,0.982160,-0.140228,0.000000,-0.185503,0.115659,0.975813,0.000000,-0.112803,0.631040,0.115850,1.000000;;
       }

       Frame ladysylvanaswindrunner_Bone21_Head {
        

        FrameTransformMatrix {
         0.967496,-0.209873,-0.141083,0.000000,0.216216,0.975851,0.031070,0.000000,0.131155,-0.060564,0.989510,0.000000,-0.066224,-0.018484,0.311270,1.000000;;
        }

        Frame ladysylvanaswindrunner_Bone32 {
         

         FrameTransformMatrix {
          0.996266,0.082645,-0.024972,0.000000,-0.080818,0.994477,0.066958,0.000000,0.030368,-0.064690,0.997443,0.000000,-0.039368,-0.831469,0.192356,1.000000;;
         }

         Frame ladysylvanaswindrunner_Bone40 {
          

          FrameTransformMatrix {
           0.988065,-0.153983,0.004184,0.000000,0.153821,0.984855,-0.079995,0.000000,0.008197,0.079684,0.996787,0.000000,0.151835,-0.820368,0.180740,1.000000;;
          }

          Frame ladysylvanaswindrunner_Bone44 {
           

           FrameTransformMatrix {
            1.000000,0.000000,0.000000,0.000000,-0.000000,1.000000,-0.000000,0.000000,0.000000,0.000000,1.000000,0.000000,0.128052,-0.196544,-0.040237,1.000000;;
           }

           Frame ladysylvanaswindrunner_Bone54_RFingerPinky {
            

            FrameTransformMatrix {
             1.000000,0.000000,-0.000000,0.000000,0.000000,1.000000,-0.000000,0.000000,-0.000000,-0.000000,1.000000,0.000000,0.087834,-0.113500,-0.031452,1.000000;;
            }
           }
          }

          Frame ladysylvanaswindrunner_Bone45_LThumb {
           

           FrameTransformMatrix {
            1.000000,0.000000,0.000000,0.000000,-0.000000,1.000000,-0.000000,0.000000,0.000000,0.000000,1.000000,0.000000,0.164509,-0.319629,0.052029,1.000000;;
           }

           Frame ladysylvanaswindrunner_Bone55 {
            

            FrameTransformMatrix {
             1.000000,0.000000,-0.000000,0.000000,0.000000,1.000000,-0.000000,0.000000,-0.000000,-0.000000,1.000000,0.000000,0.063616,-0.212882,-0.056173,1.000000;;
            }
           }
          }

          Frame ladysylvanaswindrunner_Bone46_LFingerIndex {
           

           FrameTransformMatrix {
            1.000000,0.000000,0.000000,0.000000,-0.000000,1.000000,-0.000000,0.000000,0.000000,0.000000,1.000000,0.000000,0.109992,-0.371795,0.061763,1.000000;;
           }

           Frame ladysylvanaswindrunner_Bone56 {
            

            FrameTransformMatrix {
             1.000000,0.000000,-0.000000,0.000000,0.000000,1.000000,-0.000000,0.000000,-0.000000,-0.000000,1.000000,0.000000,0.061220,-0.223095,-0.082764,1.000000;;
            }
           }
          }

          Frame ladysylvanaswindrunner_Bone47_LFingerMiddle {
           

           FrameTransformMatrix {
            1.000000,0.000000,0.000000,0.000000,-0.000000,1.000000,-0.000000,0.000000,0.000000,0.000000,1.000000,0.000000,0.048165,-0.387348,0.056298,1.000000;;
           }

           Frame ladysylvanaswindrunner_Bone57 {
            

            FrameTransformMatrix {
             1.000000,0.000000,-0.000000,0.000000,0.000000,1.000000,-0.000000,0.000000,-0.000000,-0.000000,1.000000,0.000000,0.055544,-0.206950,-0.075173,1.000000;;
            }
           }
          }

          Frame ladysylvanaswindrunner_Bone48_LFingerRing {
           

           FrameTransformMatrix {
            1.000000,0.000000,0.000000,0.000000,-0.000000,1.000000,-0.000000,0.000000,0.000000,0.000000,1.000000,0.000000,-0.012097,-0.374900,0.025350,1.000000;;
           }

           Frame ladysylvanaswindrunner_Bone58 {
            

            FrameTransformMatrix {
             1.000000,0.000000,-0.000000,0.000000,0.000000,1.000000,-0.000000,0.000000,-0.000000,-0.000000,1.000000,0.000000,0.038840,-0.176328,-0.038421,1.000000;;
            }
           }
          }

          Frame ladysylvanaswindrunner_Bone126 {
           

           FrameTransformMatrix {
            0.998573,-0.035143,0.040215,0.000000,0.032677,0.997639,0.060409,0.000000,-0.042243,-0.059008,0.997363,0.000000,0.086982,-0.373460,-0.069386,1.000000;;
           }

           Frame ladysylvanaswindrunner_Bone136 {
            

            FrameTransformMatrix {
             1.000000,-0.000000,-0.000000,0.000000,-0.000000,1.000000,0.000000,0.000000,-0.000000,-0.000000,1.000000,0.000000,0.000000,0.000000,0.000000,1.000000;;
            }

            Frame ladysylvanaswindrunner_Bone139 {
             

             FrameTransformMatrix {
              1.000000,0.000000,0.000000,0.000000,0.000000,1.000000,0.000000,0.000000,0.000000,-0.000000,1.000000,0.000000,-0.000000,0.000000,0.000001,1.000000;;
             }
            }
           }
          }

          Frame ladysylvanaswindrunner_Bone128 {
           

           FrameTransformMatrix {
            1.000000,0.000000,0.000000,0.000000,-0.000000,1.000000,-0.000000,0.000000,0.000000,0.000000,1.000000,0.000000,0.087025,-0.373450,-0.069414,1.000000;;
           }
          }

          Frame ladysylvanaswindrunner_Bone131 {
           

           FrameTransformMatrix {
            1.000000,0.000000,0.000000,0.000000,-0.000000,1.000000,-0.000000,0.000000,0.000000,0.000000,1.000000,0.000000,0.086922,-0.373999,-0.069439,1.000000;;
           }
          }
         }

         Frame ladysylvanaswindrunner_Bone41 {
          

          FrameTransformMatrix {
           0.999861,-0.003564,-0.016291,0.000000,0.003516,0.999989,-0.003020,0.000000,0.016302,0.002962,0.999863,0.000000,0.132666,-0.717907,0.157930,1.000000;;
          }
         }

         Frame ladysylvanaswindrunner_Bone123 {
          

          FrameTransformMatrix {
           1.000000,-0.000000,-0.000000,0.000000,0.000000,1.000000,-0.000000,0.000000,0.000000,-0.000000,1.000000,0.000000,0.162845,-0.495669,0.710674,1.000000;;
          }
         }

         Frame ladysylvanaswindrunner_Bone124 {
          

          FrameTransformMatrix {
           1.000000,-0.000000,-0.000000,0.000000,0.000000,1.000000,-0.000000,0.000000,0.000000,-0.000000,1.000000,0.000000,-0.343640,1.309831,-0.356396,1.000000;;
          }
         }
        }

        Frame ladysylvanaswindrunner_Bone33 {
         

         FrameTransformMatrix {
          0.999063,0.040997,-0.013852,0.000000,-0.040520,0.998630,0.033123,0.000000,0.015191,-0.032531,0.999355,0.000000,-0.039368,-0.831469,0.192356,1.000000;;
         }
        }
       }
      }

      Frame ladysylvanaswindrunner_Bone16_ShoulderL {
       

       FrameTransformMatrix {
        0.942469,0.166722,-0.289753,0.000000,-0.096581,0.965595,0.241453,0.000000,0.320039,-0.199577,0.926145,0.000000,-0.112803,0.631035,-0.115863,1.000000;;
       }

       Frame ladysylvanaswindrunner_Bone22_ArmL {
        

        FrameTransformMatrix {
         0.961073,-0.275990,0.012982,0.000000,0.268360,0.921260,-0.281536,0.000000,0.065742,0.274060,0.959463,0.000000,-0.066224,-0.018484,-0.311270,1.000000;;
        }

        Frame ladysylvanaswindrunner_Bone34 {
         

         FrameTransformMatrix {
          0.997246,0.066264,0.033322,0.000000,-0.061441,0.989696,-0.129333,0.000000,-0.041549,0.126930,0.991041,0.000000,-0.039368,-0.831467,-0.192356,1.000000;;
         }

         Frame ladysylvanaswindrunner_Bone42 {
          

          FrameTransformMatrix {
           0.976336,-0.215197,0.021400,0.000000,0.214041,0.975717,0.046517,0.000000,-0.030890,-0.040835,0.998688,0.000000,0.151835,-0.820365,-0.180740,1.000000;;
          }

          Frame ladysylvanaswindrunner_Bone49_LFingerPinky {
           

           FrameTransformMatrix {
            0.976279,0.080270,-0.201090,0.000000,-0.070525,0.995983,0.055180,0.000000,0.204711,-0.039689,0.978018,0.000000,0.123972,-0.196499,0.062945,1.000000;;
           }

           Frame ladysylvanaswindrunner_Bone59 {
            

            FrameTransformMatrix {
             1.000000,-0.000000,-0.000000,0.000000,-0.000000,1.000000,-0.000000,0.000000,0.000000,0.000000,1.000000,0.000000,0.087834,-0.113500,0.031453,1.000000;;
            }
           }
          }

          Frame ladysylvanaswindrunner_Bone50_RThumb {
           

           FrameTransformMatrix {
            0.998750,-0.011084,-0.048735,0.000000,0.019311,0.984954,0.171733,0.000000,0.046098,-0.172460,0.983938,0.000000,0.164509,-0.319633,-0.052027,1.000000;;
           }

           Frame ladysylvanaswindrunner_Bone60 {
            

            FrameTransformMatrix {
             1.000000,0.000000,0.000000,0.000000,0.000000,1.000000,0.000000,0.000000,0.000000,0.000000,1.000000,0.000000,0.063616,-0.212884,0.056172,1.000000;;
            }
           }
          }

          Frame ladysylvanaswindrunner_Bone51_RFingerIndex {
           

           FrameTransformMatrix {
            0.999628,-0.007840,-0.026148,0.000000,0.010566,0.994331,0.105807,0.000000,0.025170,-0.106044,0.994043,0.000000,0.109991,-0.371800,-0.061761,1.000000;;
           }

           Frame ladysylvanaswindrunner_Bone61 {
            

            FrameTransformMatrix {
             1.000000,0.000000,-0.000000,0.000000,0.000000,1.000000,0.000000,0.000000,0.000000,-0.000000,1.000000,0.000000,0.061220,-0.223092,0.082761,1.000000;;
            }
           }
          }

          Frame ladysylvanaswindrunner_Bone52_RFingerMiddle {
           

           FrameTransformMatrix {
            0.999861,-0.008451,-0.014380,0.000000,0.009362,0.997875,0.064480,0.000000,0.013804,-0.064606,0.997816,0.000000,0.048164,-0.387349,-0.056302,1.000000;;
           }

           Frame ladysylvanaswindrunner_Bone62 {
            

            FrameTransformMatrix {
             1.000000,-0.000000,0.000000,0.000000,0.000000,1.000000,0.000000,0.000000,0.000000,0.000000,1.000000,0.000000,0.055544,-0.206950,0.075177,1.000000;;
            }
           }
          }

          Frame ladysylvanaswindrunner_Bone53_RFingerRing {
           

           FrameTransformMatrix {
            1.000000,0.000734,0.000670,0.000000,-0.000731,0.999992,-0.004029,0.000000,-0.000673,0.004028,0.999992,0.000000,-0.012098,-0.374900,-0.025350,1.000000;;
           }

           Frame ladysylvanaswindrunner_Bone63 {
            

            FrameTransformMatrix {
             1.000000,0.000000,0.000000,0.000000,0.000000,1.000000,0.000000,0.000000,0.000000,0.000000,1.000000,0.000000,0.038840,-0.176333,0.038421,1.000000;;
            }
           }
          }

          Frame ladysylvanaswindrunner_Bone127 {
           

           FrameTransformMatrix {
            0.990886,-0.129908,0.035632,0.000000,0.130368,0.991406,-0.010881,0.000000,-0.033913,0.015427,0.999306,0.000000,0.042170,-0.323448,0.036177,1.000000;;
           }

           Frame ladysylvanaswindrunner_Bone137 {
            

            FrameTransformMatrix {
             1.000000,-0.000000,0.000000,0.000000,-0.000000,1.000000,0.000000,0.000000,0.000000,0.000000,1.000000,0.000000,0.000000,0.000001,0.000000,1.000000;;
            }
           }

           Frame ladysylvanaswindrunner_Bone135 {
            

            FrameTransformMatrix {
             1.000000,0.000000,0.000000,0.000000,-0.000000,1.000000,0.000000,0.000000,-0.000000,0.000000,1.000000,0.000000,0.000000,0.000000,0.000000,1.000000;;
            }

            Frame ladysylvanaswindrunner_Bone138 {
             

             FrameTransformMatrix {
              1.000000,0.000000,0.000000,0.000000,0.000000,1.000000,-0.000000,0.000000,0.000000,-0.000000,1.000000,0.000000,0.000000,0.000001,-0.000000,1.000000;;
             }
            }
           }
          }

          Frame ladysylvanaswindrunner_Bone129 {
           

           FrameTransformMatrix {
            1.000000,0.000000,0.000000,0.000000,-0.000000,1.000000,0.000000,0.000000,0.000000,-0.000000,1.000000,0.000000,0.071231,-0.373455,0.069399,1.000000;;
           }
          }

          Frame ladysylvanaswindrunner_Bone130 {
           

           FrameTransformMatrix {
            1.000000,0.000000,0.000000,0.000000,-0.000000,1.000000,0.000000,0.000000,0.000000,-0.000000,1.000000,0.000000,0.709789,-1.046783,-0.013236,1.000000;;
           }
          }

          Frame ladysylvanaswindrunner_Bone132_CSL {
           

           FrameTransformMatrix {
            1.000000,0.000000,0.000000,0.000000,-0.000000,1.000000,0.000000,0.000000,0.000000,-0.000000,1.000000,0.000000,0.086976,-0.373436,0.069382,1.000000;;
           }
          }

          Frame ladysylvanaswindrunner_Bone133_CSR {
           

           FrameTransformMatrix {
            1.000000,0.000000,0.000000,0.000000,-0.000000,1.000000,0.000000,0.000000,0.000000,-0.000000,1.000000,0.000000,-0.124618,0.233129,0.309499,1.000000;;
           }
          }

          Frame ladysylvanaswindrunner_Bone134 {
           

           FrameTransformMatrix {
            1.000000,0.000000,0.000000,0.000000,-0.000000,1.000000,0.000000,0.000000,0.000000,-0.000000,1.000000,0.000000,0.424692,-0.332918,-0.377287,1.000000;;
           }
          }
         }

         Frame ladysylvanaswindrunner_Bone43 {
          

          FrameTransformMatrix {
           0.999658,-0.005615,0.025559,0.000000,0.005493,0.999973,0.004832,0.000000,-0.025586,-0.004689,0.999662,0.000000,0.132855,-0.717815,-0.158172,1.000000;;
          }
         }

         Frame ladysylvanaswindrunner_Bone125 {
          

          FrameTransformMatrix {
           1.000000,0.000000,-0.000000,0.000000,0.000000,1.000000,0.000000,0.000000,0.000000,-0.000000,1.000000,0.000000,0.426686,0.985585,-0.400987,1.000000;;
          }
         }
        }

        Frame ladysylvanaswindrunner_Bone35 {
         

         FrameTransformMatrix {
          0.999298,0.032414,0.018805,0.000000,-0.031143,0.997441,-0.064361,0.000000,-0.020843,0.063730,0.997750,0.000000,-0.039368,-0.831467,-0.192356,1.000000;;
         }
        }
       }
      }

      Frame ladysylvanaswindrunner_Bone103 {
       

       FrameTransformMatrix {
        1.000000,0.000000,0.000000,0.000000,0.000000,1.000000,0.000000,0.000000,0.000000,0.000000,1.000000,0.000000,0.074785,0.340887,0.000000,1.000000;;
       }
      }

      Frame ladysylvanaswindrunner_Bone104 {
       

       FrameTransformMatrix {
        1.000000,0.000000,0.000000,0.000000,0.000000,1.000000,0.000000,0.000000,0.000000,0.000000,1.000000,0.000000,-0.292551,0.436251,0.000000,1.000000;;
       }
      }

      Frame ladysylvanaswindrunner_Bone105 {
       

       FrameTransformMatrix {
        1.000000,0.000000,0.000000,0.000000,0.000000,1.000000,0.000000,0.000000,0.000000,0.000000,1.000000,0.000000,-0.570751,1.030699,-0.534040,1.000000;;
       }
      }

      Frame ladysylvanaswindrunner_Bone106 {
       

       FrameTransformMatrix {
        1.000000,0.000000,0.000000,0.000000,0.000000,1.000000,0.000000,0.000000,0.000000,0.000000,1.000000,0.000000,-0.684026,1.012499,0.493785,1.000000;;
       }
      }

      Frame ladysylvanaswindrunner_Bone107 {
       

       FrameTransformMatrix {
        1.000000,0.000000,0.000000,0.000000,0.000000,1.000000,0.000000,0.000000,0.000000,0.000000,1.000000,0.000000,-0.670748,0.333734,0.005569,1.000000;;
       }
      }

      Frame ladysylvanaswindrunner_Bone108 {
       

       FrameTransformMatrix {
        1.000000,0.000000,0.000000,0.000000,0.000000,1.000000,0.000000,0.000000,0.000000,0.000000,1.000000,0.000000,-0.570995,0.089511,-0.012820,1.000000;;
       }
      }

      Frame ladysylvanaswindrunner_Bone109 {
       

       FrameTransformMatrix {
        1.000000,0.000000,0.000000,0.000000,0.000000,1.000000,0.000000,0.000000,0.000000,0.000000,1.000000,0.000000,-0.636894,0.089360,0.004489,1.000000;;
       }
      }

      Frame ladysylvanaswindrunner_Bone110 {
       

       FrameTransformMatrix {
        1.000000,0.000000,0.000000,0.000000,0.000000,1.000000,0.000000,0.000000,0.000000,0.000000,1.000000,0.000000,0.232119,-0.290567,0.015427,1.000000;;
       }
      }

      Frame ladysylvanaswindrunner_Bone111 {
       

       FrameTransformMatrix {
        1.000000,0.000000,0.000000,0.000000,0.000000,1.000000,0.000000,0.000000,0.000000,0.000000,1.000000,0.000000,-0.000000,0.000000,0.000000,1.000000;;
       }
      }
     }

     Frame ladysylvanaswindrunner_Bone93 {
      

      FrameTransformMatrix {
       1.000000,0.000000,-0.000000,0.000000,0.000000,1.000000,0.000000,0.000000,-0.000000,-0.000000,1.000000,0.000000,0.000000,0.000000,0.000000,1.000000;;
      }
     }

     Frame ladysylvanaswindrunner_Bone94 {
      

      FrameTransformMatrix {
       1.000000,0.000000,-0.000000,0.000000,0.000000,1.000000,0.000000,0.000000,-0.000000,-0.000000,1.000000,0.000000,0.000000,-0.000000,0.000000,1.000000;;
      }
     }

     Frame ladysylvanaswindrunner_Bone95 {
      

      FrameTransformMatrix {
       1.000000,0.000000,-0.000000,0.000000,0.000000,1.000000,0.000000,0.000000,-0.000000,-0.000000,1.000000,0.000000,0.000000,0.000000,0.000000,1.000000;;
      }
     }

     Frame ladysylvanaswindrunner_Bone96 {
      

      FrameTransformMatrix {
       1.000000,0.000000,-0.000000,0.000000,0.000000,1.000000,0.000000,0.000000,-0.000000,-0.000000,1.000000,0.000000,0.000000,0.000000,0.000000,1.000000;;
      }
     }

     Frame ladysylvanaswindrunner_Bone97 {
      

      FrameTransformMatrix {
       1.000000,0.000000,-0.000000,0.000000,0.000000,1.000000,0.000000,0.000000,-0.000000,-0.000000,1.000000,0.000000,0.000000,0.000000,0.000000,1.000000;;
      }
     }

     Frame ladysylvanaswindrunner_Bone98 {
      

      FrameTransformMatrix {
       1.000000,0.000000,-0.000000,0.000000,0.000000,1.000000,0.000000,0.000000,-0.000000,-0.000000,1.000000,0.000000,-0.050807,0.520445,-0.012874,1.000000;;
      }
     }

     Frame ladysylvanaswindrunner_Bone99 {
      

      FrameTransformMatrix {
       1.000000,0.000000,-0.000000,0.000000,0.000000,1.000000,0.000000,0.000000,-0.000000,-0.000000,1.000000,0.000000,0.000000,0.000000,0.000000,1.000000;;
      }
     }
    }

    Frame ladysylvanaswindrunner_Bone87 {
     

     FrameTransformMatrix {
      1.000000,-0.000000,-0.000000,0.000000,0.000000,1.000000,-0.000000,0.000000,-0.000000,0.000000,1.000000,0.000000,0.482191,0.874355,-0.185352,1.000000;;
     }
    }

    Frame ladysylvanaswindrunner_Bone88 {
     

     FrameTransformMatrix {
      1.000000,-0.000000,-0.000000,0.000000,0.000000,1.000000,-0.000000,0.000000,-0.000000,0.000000,1.000000,0.000000,0.387110,1.205926,-1.328022,1.000000;;
     }
    }

    Frame ladysylvanaswindrunner_Bone89 {
     

     FrameTransformMatrix {
      1.000000,-0.000000,-0.000000,0.000000,0.000000,1.000000,-0.000000,0.000000,-0.000000,0.000000,1.000000,0.000000,0.000000,0.000000,0.000000,1.000000;;
     }
    }

    Frame ladysylvanaswindrunner_Bone90 {
     

     FrameTransformMatrix {
      1.000000,-0.000000,-0.000000,0.000000,0.000000,1.000000,-0.000000,0.000000,-0.000000,0.000000,1.000000,0.000000,0.000000,0.000000,0.000000,1.000000;;
     }
    }

    Frame ladysylvanaswindrunner_Bone91 {
     

     FrameTransformMatrix {
      1.000000,-0.000000,-0.000000,0.000000,0.000000,1.000000,-0.000000,0.000000,-0.000000,0.000000,1.000000,0.000000,0.000000,0.000000,0.000000,1.000000;;
     }
    }

    Frame ladysylvanaswindrunner_Bone92 {
     

     FrameTransformMatrix {
      1.000000,-0.000000,-0.000000,0.000000,0.000000,1.000000,-0.000000,0.000000,-0.000000,0.000000,1.000000,0.000000,0.000000,0.000000,0.000000,1.000000;;
     }
    }
   }

   Frame ladysylvanaswindrunner_Bone3_SpineLow {
    

    FrameTransformMatrix {
     0.950405,-0.205168,0.233743,0.000000,0.231992,0.968221,-0.093428,0.000000,-0.207147,0.143021,0.967799,0.000000,0.000000,-0.039614,0.001859,1.000000;;
    }

    Frame ladysylvanaswindrunner_Bone5 {
     

     FrameTransformMatrix {
      0.981408,0.083537,0.172804,0.000000,-0.132418,0.946427,0.294521,0.000000,-0.138943,-0.311927,0.939892,0.000000,-0.039510,-0.092478,0.246340,1.000000;;
     }

     Frame ladysylvanaswindrunner_Bone9 {
      

      FrameTransformMatrix {
       0.997400,0.071762,-0.006705,0.000000,-0.071826,0.997369,-0.009836,0.000000,0.005982,0.010293,0.999929,0.000000,0.028430,-1.529012,0.139572,1.000000;;
      }

      Frame ladysylvanaswindrunner_Bone17_ShoulderR {
       

       FrameTransformMatrix {
        0.995192,0.032893,0.092259,0.000000,-0.019403,0.989464,-0.143473,0.000000,-0.096007,0.140993,0.985344,0.000000,-0.253997,-1.510780,0.098145,1.000000;;
       }

       Frame ladysylvanaswindrunner_Bone23_ArmR {
        

        FrameTransformMatrix {
         0.999973,0.003026,0.006753,0.000000,-0.003199,0.999665,0.025684,0.000000,-0.006674,-0.025705,0.999647,0.000000,0.488565,-0.227368,0.102160,1.000000;;
        }
       }

       Frame ladysylvanaswindrunner_Bone112_CCH {
        

        FrameTransformMatrix {
         1.000000,0.000000,0.000000,0.000000,0.000000,1.000000,0.000000,0.000000,0.000000,0.000000,1.000000,0.000000,0.000000,-0.000000,0.000000,1.000000;;
        }
       }
      }
     }

     Frame ladysylvanaswindrunner_Bone10 {
      

      FrameTransformMatrix {
       0.999351,0.035877,-0.003263,0.000000,-0.035892,0.999344,-0.004947,0.000000,0.003084,0.005061,0.999983,0.000000,0.028430,-1.529012,0.139572,1.000000;;
      }
     }
    }

    Frame ladysylvanaswindrunner_Bone6 {
     

     FrameTransformMatrix {
      0.924502,0.302279,0.232216,0.000000,-0.353661,0.907482,0.226716,0.000000,-0.142200,-0.291725,0.945873,0.000000,-0.039510,-0.092477,-0.246340,1.000000;;
     }

     Frame ladysylvanaswindrunner_Bone11 {
      

      FrameTransformMatrix {
       0.980859,-0.194179,-0.014519,0.000000,0.193706,0.980632,-0.028955,0.000000,0.019860,0.025589,0.999475,0.000000,0.028430,-1.529016,-0.139573,1.000000;;
      }

      Frame ladysylvanaswindrunner_Bone18 {
       

       FrameTransformMatrix {
        0.931311,0.016221,-0.363864,0.000000,-0.047658,0.995846,-0.077588,0.000000,0.361094,0.089599,0.928215,0.000000,-0.253997,-1.510777,-0.098146,1.000000;;
       }

       Frame ladysylvanaswindrunner_Bone24 {
        

        FrameTransformMatrix {
         0.999938,0.002896,-0.010812,0.000000,-0.002963,0.999977,-0.006149,0.000000,0.010794,0.006181,0.999923,0.000000,0.488565,-0.227368,-0.102160,1.000000;;
        }
       }

       Frame ladysylvanaswindrunner_Bone113 {
        

        FrameTransformMatrix {
         1.000000,0.000000,-0.000000,0.000000,-0.000000,1.000000,0.000000,0.000000,0.000000,-0.000000,1.000000,0.000000,0.000000,-0.000000,-0.000000,1.000000;;
        }
       }
      }
     }

     Frame ladysylvanaswindrunner_Bone12 {
      

      FrameTransformMatrix {
       0.995206,-0.097480,-0.007990,0.000000,0.097361,0.995150,-0.014079,0.000000,0.009324,0.013233,0.999869,0.000000,0.028430,-1.529016,-0.139573,1.000000;;
      }
     }
    }

    Frame ladysylvanaswindrunner_Bone7 {
     

     FrameTransformMatrix {
      0.920301,0.379765,-0.093947,0.000000,-0.369161,0.922500,0.112762,0.000000,0.129489,-0.069093,0.989171,0.000000,-0.555001,0.156282,-0.029123,1.000000;;
     }

     Frame ladysylvanaswindrunner_Bone13 {
      

      FrameTransformMatrix {
       0.996018,0.072795,-0.051466,0.000000,-0.072451,0.997336,0.008528,0.000000,0.051950,-0.004765,0.998638,0.000000,-0.203629,-0.677883,-0.000001,1.000000;;
      }

      Frame ladysylvanaswindrunner_Bone19 {
       

       FrameTransformMatrix {
        0.983339,0.064875,-0.169813,0.000000,-0.063499,0.997891,0.013528,0.000000,0.170332,-0.002519,0.985384,0.000000,-0.305944,-0.919380,-0.000001,1.000000;;
       }
      }
     }
    }

    Frame ladysylvanaswindrunner_Bone85 {
     

     FrameTransformMatrix {
      1.000000,0.000000,-0.000000,0.000000,0.000000,1.000000,0.000000,0.000000,-0.000000,0.000000,1.000000,0.000000,-0.046360,0.085377,0.423266,1.000000;;
     }
    }

    Frame ladysylvanaswindrunner_Bone86 {
     

     FrameTransformMatrix {
      1.000000,0.000000,-0.000000,0.000000,0.000000,1.000000,0.000000,0.000000,-0.000000,0.000000,1.000000,0.000000,-0.046360,0.085377,-0.459863,1.000000;;
     }
    }
   }
  }

  Frame ladysylvanaswindrunner_Bone70 {
   

   FrameTransformMatrix {
    1.000000,0.000000,0.000000,0.000000,0.000000,1.000000,0.000000,0.000000,0.000000,0.000000,1.000000,0.000000,-1.909822,0.000000,-0.329028,1.000000;;
   }
  }

  Frame ladysylvanaswindrunner_Bone71 {
   

   FrameTransformMatrix {
    1.000000,0.000000,0.000000,0.000000,0.000000,1.000000,0.000000,0.000000,0.000000,0.000000,1.000000,0.000000,-1.891678,0.000000,0.164773,1.000000;;
   }
  }

  Frame ladysylvanaswindrunner_Bone72 {
   

   FrameTransformMatrix {
    1.000000,0.000000,0.000000,0.000000,0.000000,1.000000,0.000000,0.000000,0.000000,0.000000,1.000000,0.000000,0.000000,0.000000,0.000000,1.000000;;
   }
  }

  Frame ladysylvanaswindrunner_Bone73 {
   

   FrameTransformMatrix {
    1.000000,0.000000,0.000000,0.000000,0.000000,1.000000,0.000000,0.000000,0.000000,0.000000,1.000000,0.000000,1.227604,0.000000,-0.153158,1.000000;;
   }
  }

  Frame ladysylvanaswindrunner_Bone74 {
   

   FrameTransformMatrix {
    1.000000,0.000000,0.000000,0.000000,0.000000,1.000000,0.000000,0.000000,0.000000,0.000000,1.000000,0.000000,1.791500,0.000000,0.317476,1.000000;;
   }
  }

  Frame ladysylvanaswindrunner_Bone75 {
   

   FrameTransformMatrix {
    1.000000,0.000000,0.000000,0.000000,0.000000,1.000000,0.000000,0.000000,0.000000,0.000000,1.000000,0.000000,1.078520,0.000000,0.132204,1.000000;;
   }
  }

  Frame ladysylvanaswindrunner_Bone76 {
   

   FrameTransformMatrix {
    1.000000,0.000000,0.000000,0.000000,0.000000,1.000000,0.000000,0.000000,0.000000,0.000000,1.000000,0.000000,1.729315,0.000000,-0.396164,1.000000;;
   }
  }

  Frame ladysylvanaswindrunner_Bone77 {
   

   FrameTransformMatrix {
    1.000000,0.000000,0.000000,0.000000,0.000000,1.000000,0.000000,0.000000,0.000000,0.000000,1.000000,0.000000,1.601264,0.000000,0.178101,1.000000;;
   }
  }

  Frame ladysylvanaswindrunner_Bone78 {
   

   FrameTransformMatrix {
    1.000000,0.000000,0.000000,0.000000,0.000000,1.000000,0.000000,0.000000,0.000000,0.000000,1.000000,0.000000,0.937220,0.000000,0.107103,1.000000;;
   }
  }

  Frame ladysylvanaswindrunner_Bone79 {
   

   FrameTransformMatrix {
    1.000000,0.000000,0.000000,0.000000,0.000000,1.000000,0.000000,0.000000,0.000000,0.000000,1.000000,0.000000,1.206565,0.000000,0.083550,1.000000;;
   }
  }

  Frame ladysylvanaswindrunner_Bone80 {
   

   FrameTransformMatrix {
    1.000000,0.000000,0.000000,0.000000,0.000000,1.000000,0.000000,0.000000,0.000000,0.000000,1.000000,0.000000,1.176010,0.000000,-0.096344,1.000000;;
   }
  }

  Frame ladysylvanaswindrunner_Bone81 {
   

   FrameTransformMatrix {
    1.000000,0.000000,0.000000,0.000000,0.000000,1.000000,0.000000,0.000000,0.000000,0.000000,1.000000,0.000000,1.013715,0.000000,-0.085548,1.000000;;
   }
  }

  Frame ladysylvanaswindrunner_Bone82 {
   

   FrameTransformMatrix {
    1.000000,0.000000,0.000000,0.000000,0.000000,1.000000,0.000000,0.000000,0.000000,0.000000,1.000000,0.000000,1.326240,0.000000,-0.085548,1.000000;;
   }
  }

  Frame ladysylvanaswindrunner_Bone83 {
   

   FrameTransformMatrix {
    1.000000,0.000000,0.000000,0.000000,0.000000,1.000000,0.000000,0.000000,0.000000,0.000000,1.000000,0.000000,0.326361,0.000000,0.543451,1.000000;;
   }
  }

  Frame ladysylvanaswindrunner_Bone84 {
   

   FrameTransformMatrix {
    1.000000,0.000000,0.000000,0.000000,0.000000,1.000000,0.000000,0.000000,0.000000,0.000000,1.000000,0.000000,-0.066552,0.000000,-0.689717,1.000000;;
   }
  }
 }

 Frame ladysylvanaswindrunner_Bone64 {
  

  FrameTransformMatrix {
   1.000000,0.000000,0.000000,0.000000,0.000000,1.000000,0.000000,0.000000,0.000000,0.000000,1.000000,0.000000,-0.078900,6.228096,-0.000000,1.000000;;
  }
 }

 Frame ladysylvanaswindrunner_Bone65_Name {
  

  FrameTransformMatrix {
   1.000000,0.000000,0.000000,0.000000,0.000000,1.000000,0.000000,0.000000,0.000000,0.000000,1.000000,0.000000,0.000000,0.000000,0.000000,1.000000;;
  }
 }

 Frame ladysylvanaswindrunner_Bone66 {
  

  FrameTransformMatrix {
   1.000000,0.000000,0.000000,0.000000,0.000000,1.000000,0.000000,0.000000,0.000000,0.000000,1.000000,0.000000,-0.106250,5.923926,0.000000,1.000000;;
  }
 }

 Frame ladysylvanaswindrunner_Bone67 {
  

  FrameTransformMatrix {
   1.000000,0.000000,0.000000,0.000000,0.000000,1.000000,0.000000,0.000000,0.000000,0.000000,1.000000,0.000000,0.141667,3.895834,0.000000,1.000000;;
  }
 }

 Frame ladysylvanaswindrunner_Bone68_NameMount {
  

  FrameTransformMatrix {
   1.000000,0.000000,0.000000,0.000000,0.000000,1.000000,0.000000,0.000000,0.000000,0.000000,1.000000,0.000000,0.000000,0.000000,0.000000,1.000000;;
  }
 }

 Frame ladysylvanaswindrunner_Bone69 {
  

  FrameTransformMatrix {
   1.000000,0.000000,0.000000,0.000000,0.000000,1.000000,0.000000,0.000000,0.000000,0.000000,1.000000,0.000000,-0.371176,0.000000,0.105143,1.000000;;
  }
 }
}

Frame ladysylvanaswindrunner_0 {
 

 FrameTransformMatrix {
  1.000000,0.000000,0.000000,0.000000,0.000000,1.000000,0.000000,0.000000,0.000000,0.000000,1.000000,0.000000,0.000000,0.000000,0.000000,1.000000;;
 }

 Mesh ladysylvanaswindrunner_0 {
  2214;
  0.049280;2.270854;-0.140030;,
  0.022742;2.343669;-0.102308;,
  0.084376;2.343194;-0.071181;,
  0.077886;2.264014;-0.179304;,
  0.040868;2.207137;-0.186540;,
  0.065994;2.200712;-0.207948;,
  0.074921;2.111918;-0.194214;,
  0.095915;2.122196;-0.207998;,
  0.140090;2.064941;-0.136895;,
  0.095915;2.122196;-0.207998;,
  0.159483;2.076712;-0.161219;,
  0.211627;2.106434;-0.103136;,
  0.121617;2.235560;-0.209733;,
  0.115758;2.187113;-0.227592;,
  0.151099;2.264012;-0.182424;,
  0.118166;2.295280;-0.129542;,
  0.213447;2.242808;-0.140676;,
  0.186886;2.275778;-0.083009;,
  0.213447;2.242808;-0.140676;,
  0.166563;2.205099;-0.212503;,
  0.158148;2.328965;-0.026244;,
  0.202341;2.207857;-0.006827;,
  0.226776;2.188535;-0.066733;,
  0.175299;2.099305;-0.061864;,
  0.178175;2.200970;0.014943;,
  0.211627;2.106434;-0.103136;,
  0.234552;2.183888;-0.132579;,
  0.095915;2.122196;-0.207998;,
  0.189747;2.107049;-0.185555;,
  0.159483;2.076712;-0.161219;,
  0.223232;2.132280;-0.152853;,
  0.208452;2.146503;-0.191966;,
  0.213447;2.242808;-0.140676;,
  0.186886;2.275778;-0.083009;,
  0.216456;2.192621;-0.177218;,
  0.162453;2.170326;-0.225941;,
  0.130941;2.139125;-0.227509;,
  0.115758;2.187113;-0.227592;,
  -0.068937;2.231574;-0.278544;,
  -0.137124;2.282220;-0.238985;,
  -0.059380;2.287674;-0.241448;,
  -0.052692;2.314488;-0.177455;,
  -0.000018;2.272772;-0.201150;,
  -0.044677;2.357703;-0.107371;,
  0.005027;2.275830;-0.152440;,
  0.027340;2.282279;-0.143318;,
  0.040868;2.207137;-0.186540;,
  -0.132135;2.361599;-0.107647;,
  0.022808;2.209168;-0.191605;,
  0.032009;2.210714;-0.188657;,
  0.074921;2.111918;-0.194214;,
  -0.021224;2.122727;-0.221176;,
  0.022808;2.209168;-0.191605;,
  0.032065;2.149313;-0.213470;,
  0.027150;2.071712;-0.227055;,
  0.065182;2.053283;-0.206237;,
  0.027150;2.071712;-0.227055;,
  -0.019016;2.062749;-0.229849;,
  -0.104091;2.047695;-0.215574;,
  -0.114629;2.093577;-0.208324;,
