xof 0303txt 0032
template ColorRGBA {
 <35ff44e0-6c7c-11cf-8f52-0040333594a3>
 FLOAT red;
 FLOAT green;
 FLOAT blue;
 FLOAT alpha;
}

template ColorRGB {
 <d3e16e81-7835-11cf-8f52-0040333594a3>
 FLOAT red;
 FLOAT green;
 FLOAT blue;
}

template Material {
 <3d82ab4d-62da-11cf-ab39-0020af71e433>
 ColorRGBA faceColor;
 FLOAT power;
 ColorRGB specularColor;
 ColorRGB emissiveColor;
 [...]
}

template TextureFilename {
 <a42790e1-7810-11cf-8f52-0040333594a3>
 STRING filename;
}

template Frame {
 <3d82ab46-62da-11cf-ab39-0020af71e433>
 [...]
}

template Matrix4x4 {
 <f6f23f45-7686-11cf-8f52-0040333594a3>
 array FLOAT matrix[16];
}

template FrameTransformMatrix {
 <f6f23f41-7686-11cf-8f52-0040333594a3>
 Matrix4x4 frameMatrix;
}

template Vector {
 <3d82ab5e-62da-11cf-ab39-0020af71e433>
 FLOAT x;
 FLOAT y;
 FLOAT z;
}

template MeshFace {
 <3d82ab5f-62da-11cf-ab39-0020af71e433>
 DWORD nFaceVertexIndices;
 array DWORD faceVertexIndices[nFaceVertexIndices];
}

template Mesh {
 <3d82ab44-62da-11cf-ab39-0020af71e433>
 DWORD nVertices;
 array Vector vertices[nVertices];
 DWORD nFaces;
 array MeshFace faces[nFaces];
 [...]
}

template MeshMaterialList {
 <f6f23f42-7686-11cf-8f52-0040333594a3>
 DWORD nMaterials;
 DWORD nFaceIndexes;
 array DWORD faceIndexes[nFaceIndexes];
 [Material <3d82ab4d-62da-11cf-ab39-0020af71e433>]
}

template VertexElement {
 <f752461c-1e23-48f6-b9f8-8350850f336f>
 DWORD Type;
 DWORD Method;
 DWORD Usage;
 DWORD UsageIndex;
}

template DeclData {
 <bf22e553-292c-4781-9fea-62bd554bdd93>
 DWORD nElements;
 array VertexElement Elements[nElements];
 DWORD nDWords;
 array DWORD data[nDWords];
}

template XSkinMeshHeader {
 <3cf169ce-ff7c-44ab-93c0-f78f62d172e2>
 WORD nMaxSkinWeightsPerVertex;
 WORD nMaxSkinWeightsPerFace;
 WORD nBones;
}

template SkinWeights {
 <6f0d123b-bad2-4167-a0d0-80224f25fabb>
 STRING transformNodeName;
 DWORD nWeights;
 array DWORD vertexIndices[nWeights];
 array FLOAT weights[nWeights];
 Matrix4x4 matrixOffset;
}

template AnimTicksPerSecond {
 <9e415a43-7ba6-4a73-8743-b73d47e88476>
 DWORD AnimTicksPerSecond;
}

template Animation {
 <3d82ab4f-62da-11cf-ab39-0020af71e433>
 [...]
}

template AnimationSet {
 <3d82ab50-62da-11cf-ab39-0020af71e433>
 [Animation <3d82ab4f-62da-11cf-ab39-0020af71e433>]
}

template FloatKeys {
 <10dd46a9-775b-11cf-8f52-0040333594a3>
 DWORD nValues;
 array FLOAT values[nValues];
}

template TimedFloatKeys {
 <f406b180-7b3b-11cf-8f52-0040333594a3>
 DWORD time;
 FloatKeys tfkeys;
}

template AnimationKey {
 <10dd46a8-775b-11cf-8f52-0040333594a3>
 DWORD keyType;
 DWORD nKeys;
 array TimedFloatKeys keys[nKeys];
}


Material Material__43 {
 0.588000;0.588000;0.588000;1.000000;;
 10.000000;
 0.000000;0.000000;0.000000;;
 0.000000;0.000000;0.000000;;

 TextureFilename {
  "OrcMaleSkinArmor.tga";
 }
}

Material ui_rs_orc_Mat_01 {
 0.705882;0.078431;0.117647;1.000000;;
 10.000000;
 0.000000;0.000000;0.000000;;
 0.000000;0.000000;0.000000;;
}

Material Material__42 {
 0.588000;0.588000;0.588000;1.000000;;
 10.000000;
 0.000000;0.000000;0.000000;;
 0.000000;0.000000;0.000000;;

 TextureFilename {
  "HelmPlate03_OrM.tga";
 }
}

Material Material__44 {
 0.588000;0.588000;0.588000;1.000000;;
 10.000000;
 0.000000;0.000000;0.000000;;
 0.000000;0.000000;0.000000;;

 TextureFilename {
  "ShoulderPlate03_OrM.tga";
 }
}

Material Material__41 {
 0.588000;0.588000;0.588000;1.000000;;
 10.000000;
 0.000000;0.000000;0.000000;;
 0.000000;0.000000;0.000000;;

 TextureFilename {
  "axe.tga";
 }
}

Frame ui_rs_orc_Bone_Root {
 

 FrameTransformMatrix {
  0.000000,0.000000,-0.500000,0.000000,0.000000,0.500000,0.000000,0.000000,0.500000,0.000000,0.000000,0.000000,0.000000,0.000000,0.000000,1.000000;;
 }

 Frame ui_rs_orc_Bone0 {
  

  FrameTransformMatrix {
   1.000000,0.000000,0.000000,0.000000,0.000000,1.000000,0.000000,0.000000,0.000000,0.000000,1.000000,0.000000,0.000000,0.000000,0.000000,1.000000;;
  }

  Frame ui_rs_orc_Bone1 {
   

   FrameTransformMatrix {
    0.964455,-0.110445,0.240059,0.000000,0.109750,0.993826,0.016306,0.000000,-0.240377,0.010620,0.970621,0.000000,-0.348465,2.728426,0.000000,1.000000;;
   }

   Frame ui_rs_orc_Bone2_Root {
    

    FrameTransformMatrix {
     0.971834,-0.182570,-0.149017,0.000000,0.179838,0.983185,-0.031724,0.000000,0.152303,0.004032,0.988326,0.000000,-0.004685,-0.018457,0.000000,1.000000;;
    }

    Frame ui_rs_orc_Bone4_Waist {
     

     FrameTransformMatrix {
      0.920964,-0.376263,-0.101249,0.000000,0.371690,0.926318,-0.061497,0.000000,0.116928,0.019004,0.992959,0.000000,-0.111631,0.401873,0.000000,1.000000;;
     }

     Frame ui_rs_orc_Bone7 {
      

      FrameTransformMatrix {
       0.999186,0.000058,0.040338,0.000000,0.000058,0.999996,-0.002868,0.000000,-0.040338,0.002868,0.999182,0.000000,0.475713,0.369202,0.350868,1.000000;;
      }
     }

     Frame ui_rs_orc_Bone8 {
      

      FrameTransformMatrix {
       0.999184,0.000059,-0.040399,0.000000,0.000059,0.999996,0.002929,0.000000,0.040399,-0.002929,0.999179,0.000000,0.477519,0.369756,-0.351910,1.000000;;
      }
     }

     Frame ui_rs_orc_Bone9 {
      

      FrameTransformMatrix {
       0.912173,0.407281,-0.045421,0.000000,-0.407502,0.913192,0.004686,0.000000,0.043386,0.014235,0.998957,0.000000,0.151377,0.848095,0.000000,1.000000;;
      }

      Frame ui_rs_orc_Bone14 {
       

       FrameTransformMatrix {
        0.984895,0.158667,0.069336,0.000000,-0.155896,0.986805,-0.043733,0.000000,-0.075360,0.032263,0.996634,0.000000,0.143261,0.098148,0.000000,1.000000;;
       }

       Frame ui_rs_orc_Bone21 {
        

        FrameTransformMatrix {
         0.999998,0.000000,-0.000000,0.000000,0.000000,1.000002,0.000000,0.000000,0.000000,0.000000,1.000001,0.000000,0.409248,0.070753,0.000000,1.000000;;
        }
       }

       Frame ui_rs_orc_Bone22 {
        

        FrameTransformMatrix {
         1.000000,-0.000000,0.000000,0.000000,0.000000,1.000000,0.000000,0.000000,0.000000,0.000000,1.000000,0.000000,0.253211,-0.137467,0.000000,1.000000;;
        }
       }

       Frame ui_rs_orc_Bone23_Jaw {
        

        FrameTransformMatrix {
         1.000000,-0.000000,0.000000,0.000000,0.000000,1.000000,0.000000,0.000000,0.000000,0.000000,1.000000,0.000000,0.357201,-0.216839,0.105389,1.000000;;
        }
       }

       Frame ui_rs_orc_Bone24 {
        

        FrameTransformMatrix {
         1.000000,-0.000000,0.000000,0.000000,0.000000,1.000000,0.000000,0.000000,0.000000,0.000000,1.000000,0.000000,0.357195,-0.216820,-0.105390,1.000000;;
        }
       }

       Frame ui_rs_orc_Bone77 {
        

        FrameTransformMatrix {
         1.000000,-0.000000,-0.000000,0.000000,0.000000,1.000000,0.000000,0.000000,0.000000,0.000000,1.000000,0.000000,0.514987,-0.206921,0.000000,1.000000;;
        }
       }

       Frame ui_rs_orc_Bone78_Breath {
        

        FrameTransformMatrix {
         1.000000,-0.000000,-0.000000,0.000000,0.000000,1.000000,0.000000,0.000000,0.000000,0.000000,1.000000,0.000000,0.514977,-0.206935,0.000000,1.000000;;
        }
       }
      }
     }

     Frame ui_rs_orc_Bone10 {
      

      FrameTransformMatrix {
       0.915789,0.034986,-0.400134,0.000000,-0.047445,0.998647,-0.021270,0.000000,0.398848,0.038463,0.916210,0.000000,0.066474,0.808370,0.272222,1.000000;;
      }

      Frame ui_rs_orc_Bone15_Head {
       

       FrameTransformMatrix {
        0.802700,0.150819,0.576998,0.000000,-0.182953,0.983119,-0.002454,0.000000,-0.567628,-0.103594,0.816742,0.000000,-0.217695,-0.138996,0.487911,1.000000;;
       }

       Frame ui_rs_orc_Bone25 {
        

        FrameTransformMatrix {
         0.784125,0.606897,-0.129708,0.000000,-0.606847,0.793572,0.044506,0.000000,0.129943,0.043815,0.990553,0.000000,-0.039525,-0.949070,0.202086,1.000000;;
        }

        Frame ui_rs_orc_Bone28 {
         

         FrameTransformMatrix {
          0.919645,-0.388231,0.059412,0.000000,0.383207,0.920117,0.080851,0.000000,-0.086055,-0.051587,0.994954,0.000000,0.000000,0.000000,0.000000,1.000000;;
         }
        }

        Frame ui_rs_orc_Bone29 {
         

         FrameTransformMatrix {
          0.981443,-0.178385,-0.070342,0.000000,0.191385,0.933980,0.301751,0.000000,0.011870,-0.309613,0.950788,0.000000,0.022316,-1.177780,0.353055,1.000000;;
         }

         Frame ui_rs_orc_Bone33 {
          

          FrameTransformMatrix {
           0.986346,-0.031499,-0.161645,0.000000,0.076936,0.955979,0.283172,0.000000,0.145609,-0.291742,0.945349,0.000000,0.013084,-0.223834,-0.029687,1.000000;;
          }
         }
        }

        Frame ui_rs_orc_Bone30_LFingerRing {
         

         FrameTransformMatrix {
          0.950232,-0.096603,-0.296189,0.000000,0.111757,0.993132,0.034624,0.000000,0.290810,-0.066002,0.954502,0.000000,0.244740,-1.002257,0.048211,1.000000;;
         }
        }

        Frame ui_rs_orc_Bone80 {
         

         FrameTransformMatrix {
          1.000000,0.000000,-0.000000,0.000000,-0.000000,1.000000,0.000000,0.000000,-0.000000,0.000000,1.000000,0.000000,0.139973,-1.219552,0.146947,1.000000;;
         }
        }

        Frame ui_rs_orc_Bone81 {
         

         FrameTransformMatrix {
          1.000000,0.000000,-0.000000,0.000000,-0.000000,1.000000,0.000000,0.000000,-0.000000,0.000000,1.000000,0.000000,0.149138,-1.218163,0.150113,1.000000;;
         }
        }
       }
      }

      Frame ui_rs_orc_Bone68 {
       

       FrameTransformMatrix {
        1.000000,0.000000,0.000000,0.000000,-0.000000,1.000000,0.000000,0.000000,-0.000000,-0.000000,1.000000,0.000000,-0.021138,0.001341,-0.001937,1.000000;;
       }
      }
     }

     Frame ui_rs_orc_Bone11_ShoulderL {
      

      FrameTransformMatrix {
       0.979624,0.169022,0.108479,0.000000,-0.153474,0.978398,-0.138504,0.000000,-0.129545,0.119033,0.984403,0.000000,0.066475,0.808370,-0.272222,1.000000;;
      }

      Frame ui_rs_orc_Bone16_ArmL {
       

       FrameTransformMatrix {
        0.967445,0.114373,-0.225762,0.000000,-0.080035,0.984540,0.155806,0.000000,0.240092,-0.132665,0.961642,0.000000,-0.217963,-0.138896,-0.487821,1.000000;;
       }

       Frame ui_rs_orc_Bone26 {
        

        FrameTransformMatrix {
         0.804387,0.581109,0.123588,0.000000,-0.581077,0.812862,-0.040057,0.000000,-0.123738,-0.039593,0.991525,0.000000,-0.041232,-0.949153,-0.201359,1.000000;;
        }

        Frame ui_rs_orc_Bone31_LThumb {
         

         FrameTransformMatrix {
          0.930164,-0.355037,-0.093505,0.000000,0.359264,0.932669,0.032535,0.000000,0.075658,-0.063856,0.995087,0.000000,0.000000,-0.000000,0.000000,1.000000;;
         }
        }

        Frame ui_rs_orc_Bone32 {
         

         FrameTransformMatrix {
          0.990785,0.019148,0.134082,0.000000,-0.022259,0.999516,0.021747,0.000000,-0.133601,-0.024531,0.990732,0.000000,0.078104,-0.814025,-0.172704,1.000000;;
         }

         Frame ui_rs_orc_Bone34 {
          

          FrameTransformMatrix {
           0.999535,-0.021727,-0.021416,0.000000,0.019095,0.993038,-0.116239,0.000000,0.023793,0.115776,0.992990,0.000000,-0.053124,-0.363428,-0.180013,1.000000;;
          }

          Frame ui_rs_orc_Bone36_RThumb {
           

           FrameTransformMatrix {
            0.999359,0.035193,0.006570,0.000000,-0.031835,0.957520,-0.286604,0.000000,-0.016377,0.286211,0.958026,0.000000,0.012132,-0.224304,0.026349,1.000000;;
           }
          }
         }

         Frame ui_rs_orc_Bone35_RFingerRing {
          

          FrameTransformMatrix {
           0.969179,0.094736,0.227413,0.000000,-0.101478,0.994673,0.018112,0.000000,-0.224485,-0.040631,0.973630,0.000000,0.167817,-0.188335,0.124806,1.000000;;
          }
         }

         Frame ui_rs_orc_Bone85 {
          

          FrameTransformMatrix {
           1.000000,0.000000,-0.000000,0.000000,0.000000,1.000000,-0.000000,0.000000,0.000000,-0.000000,1.000000,0.000000,0.073009,-0.404156,0.021773,1.000000;;
          }
         }

         Frame ui_rs_orc_Bone86 {
          

          FrameTransformMatrix {
           1.000000,0.000000,-0.000000,0.000000,0.000000,1.000000,-0.000000,0.000000,0.000000,-0.000000,1.000000,0.000000,0.073009,-0.404156,0.021773,1.000000;;
          }
         }

         Frame ui_rs_orc_Bone87 {
          

          FrameTransformMatrix {
           1.000000,0.000000,-0.000000,0.000000,0.000000,1.000000,-0.000000,0.000000,0.000000,-0.000000,1.000000,0.000000,0.073010,-0.404156,0.021773,1.000000;;
          }
         }
        }
       }
      }

      Frame ui_rs_orc_Bone69 {
       

       FrameTransformMatrix {
        1.000000,-0.000000,0.000000,0.000000,0.000000,1.000000,0.000000,0.000000,0.000000,0.000000,1.000000,0.000000,-0.021138,0.001341,-0.000059,1.000000;;
       }
      }
     }

     Frame ui_rs_orc_Bone61 {
      

      FrameTransformMatrix {
       1.000000,0.000000,0.000000,0.000000,0.000000,1.000000,-0.000000,0.000000,-0.000000,0.000000,1.000000,0.000000,0.435984,0.351321,0.000000,1.000000;;
      }
     }

     Frame ui_rs_orc_Bone62 {
      

      FrameTransformMatrix {
       1.000000,0.000000,0.000000,0.000000,0.000000,1.000000,-0.000000,0.000000,-0.000000,0.000000,1.000000,0.000000,-0.273574,0.351321,0.000000,1.000000;;
      }
     }

     Frame ui_rs_orc_Bone63 {
      

      FrameTransformMatrix {
       0.140802,-1.031082,0.597531,0.000000,-0.099847,0.589365,1.040519,0.000000,-1.187521,-0.171807,-0.016640,0.000000,-0.524611,0.822776,-0.529542,1.000000;;
      }
     }

     Frame ui_rs_orc_Bone64 {
      

      FrameTransformMatrix {
       0.206493,-0.953488,-0.698728,0.000000,-0.151793,0.682048,-0.975586,0.000000,1.172314,0.256262,-0.003245,0.000000,-0.664972,0.841088,0.594835,1.000000;;
      }
     }

     Frame ui_rs_orc_Bone65 {
      

      FrameTransformMatrix {
       -0.266281,1.095267,0.228000,0.000000,-0.082610,0.214480,-1.126798,0.000000,-1.115693,-0.277287,0.029016,0.000000,-0.575748,-0.085130,-0.321621,1.000000;;
      }
     }

     Frame ui_rs_orc_Bone66 {
      

      FrameTransformMatrix {
       0.053015,0.984590,0.683939,0.000000,0.103046,-0.685816,0.979305,0.000000,1.194392,0.015466,-0.114847,0.000000,-0.601101,0.455288,0.192937,1.000000;;
      }
     }

     Frame ui_rs_orc_Bone67 {
      

      FrameTransformMatrix {
       -0.167160,0.970965,-0.685043,0.000000,-0.011685,-0.693097,-0.979530,0.000000,-1.188243,-0.129778,0.106003,0.000000,-0.444651,0.453441,-0.197620,1.000000;;
      }
     }
    }

    Frame ui_rs_orc_Bone54 {
     

     FrameTransformMatrix {
      1.000000,0.000000,-0.000000,0.000000,0.000000,1.000000,0.000000,0.000000,-0.000000,-0.000000,1.000000,0.000000,-0.066294,-0.081541,0.000000,1.000000;;
     }
    }

    Frame ui_rs_orc_Bone55 {
     

     FrameTransformMatrix {
      1.000000,0.000000,-0.000000,0.000000,0.000000,1.000000,0.000000,0.000000,-0.000000,-0.000000,1.000000,0.000000,-0.066294,-0.081541,0.000000,1.000000;;
     }
    }

    Frame ui_rs_orc_Bone56 {
     

     FrameTransformMatrix {
      1.000000,0.000000,-0.000000,0.000000,0.000000,1.000000,0.000000,0.000000,-0.000000,-0.000000,1.000000,0.000000,-0.066294,-0.081541,0.000000,1.000000;;
     }
    }

    Frame ui_rs_orc_Bone57 {
     

     FrameTransformMatrix {
      1.000000,0.000000,-0.000000,0.000000,0.000000,1.000000,0.000000,0.000000,-0.000000,-0.000000,1.000000,0.000000,-0.066294,-0.081541,0.000000,1.000000;;
     }
    }

    Frame ui_rs_orc_Bone58 {
     

     FrameTransformMatrix {
      1.000000,0.000000,-0.000000,0.000000,0.000000,1.000000,0.000000,0.000000,-0.000000,-0.000000,1.000000,0.000000,-0.066294,-0.081541,0.000000,1.000000;;
     }
    }

    Frame ui_rs_orc_Bone59 {
     

     FrameTransformMatrix {
      1.000000,0.000000,-0.000000,0.000000,0.000000,1.000000,0.000000,0.000000,-0.000000,-0.000000,1.000000,0.000000,-0.066294,-0.081541,0.000000,1.000000;;
     }
    }
   }

   Frame ui_rs_orc_Bone3_SpineLow {
    

    FrameTransformMatrix {
     1.000000,-0.000000,0.000000,0.000000,0.000000,1.000000,-0.000000,0.000000,-0.000000,-0.000000,1.000000,0.000000,0.007017,-0.104628,-0.000000,1.000000;;
    }

    Frame ui_rs_orc_Bone5 {
     

     FrameTransformMatrix {
      0.966732,0.255299,0.015856,0.000000,-0.255065,0.966802,-0.015351,0.000000,-0.019249,0.010796,0.999757,0.000000,-0.055310,-0.271393,0.389025,1.000000;;
     }

     Frame ui_rs_orc_Bone12_ShoulderR {
      

      FrameTransformMatrix {
       0.883901,-0.463318,0.063683,0.000000,0.463318,0.886054,0.015662,0.000000,-0.063683,0.015662,0.997847,0.000000,0.065215,-0.963909,0.132638,1.000000;;
      }

      Frame ui_rs_orc_Bone17_ArmR {
       

       FrameTransformMatrix {
        0.938751,0.320765,0.125924,0.000000,-0.326750,0.944648,0.029597,0.000000,-0.109460,-0.068930,0.991598,0.000000,-0.150367,-1.093686,0.150494,1.000000;;
       }

       Frame ui_rs_orc_Bone27 {
        

        FrameTransformMatrix {
         1.000000,-0.000000,-0.000000,0.000000,0.000000,1.000000,0.000000,0.000000,-0.000000,-0.000000,1.000000,0.000000,0.527864,-0.372355,0.058906,1.000000;;
        }
       }
      }

      Frame ui_rs_orc_Bone18 {
       

       FrameTransformMatrix {
        0.976218,0.216368,-0.013592,0.000000,-0.216360,0.976312,0.002041,0.000000,0.013711,0.000949,0.999906,0.000000,0.000000,0.000000,0.000000,1.000000;;
       }
      }
     }
    }

    Frame ui_rs_orc_Bone6 {
     

     FrameTransformMatrix {
      0.789968,0.556558,-0.257282,0.000000,-0.535891,0.830607,0.151366,0.000000,0.297944,0.018301,0.954408,0.000000,-0.055315,-0.271415,-0.389000,1.000000;;
     }

     Frame ui_rs_orc_Bone13 {
      

      FrameTransformMatrix {
       0.863526,-0.499097,-0.072293,0.000000,0.499097,0.866330,-0.019362,0.000000,0.072293,-0.019362,0.997196,0.000000,0.065074,-0.962958,-0.139437,1.000000;;
      }

      Frame ui_rs_orc_Bone19 {
       

       FrameTransformMatrix {
        0.991712,0.043312,-0.120957,0.000000,-0.042208,0.999041,0.011677,0.000000,0.121347,-0.006475,0.992589,0.000000,-0.150526,-1.092576,-0.158206,1.000000;;
       }
      }

      Frame ui_rs_orc_Bone20 {
       

       FrameTransformMatrix {
        0.956990,0.283273,0.062657,0.000000,-0.283319,0.958990,-0.008331,0.000000,-0.062447,-0.009780,0.998000,0.000000,-0.000000,-0.000000,0.000000,1.000000;;
       }
      }
     }
    }

    Frame ui_rs_orc_Bone52 {
     

     FrameTransformMatrix {
      -0.636416,-1.007013,0.144565,0.000000,0.971045,-0.652146,-0.267913,0.000000,0.303391,-0.025104,1.160743,0.000000,-0.054372,-0.280499,0.735568,1.000000;;
     }
    }

    Frame ui_rs_orc_Bone53 {
     

     FrameTransformMatrix {
      -0.661116,-1.000925,0.032791,0.000000,0.887019,-0.567012,0.575930,0.000000,-0.464891,0.341535,1.052250,0.000000,-0.054385,-0.280499,-0.735556,1.000000;;
     }
    }
   }
  }
 }

 Frame ui_rs_orc_Bone37 {
  

  FrameTransformMatrix {
   1.000000,0.000000,0.000000,0.000000,0.000000,1.000000,0.000000,0.000000,0.000000,0.000000,1.000000,0.000000,0.334459,4.784892,-0.025889,1.000000;;
  }
 }

 Frame ui_rs_orc_Bone38_Name {
  

  FrameTransformMatrix {
   1.000000,0.000000,0.000000,0.000000,0.000000,1.000000,0.000000,0.000000,0.000000,0.000000,1.000000,0.000000,0.000000,0.000000,0.000000,1.000000;;
  }
 }

 Frame ui_rs_orc_Bone39 {
  

  FrameTransformMatrix {
   1.000000,0.000000,0.000000,0.000000,0.000000,1.000000,0.000000,0.000000,0.000000,0.000000,1.000000,0.000000,0.692966,4.119436,-0.025889,1.000000;;
  }
 }

 Frame ui_rs_orc_Bone40 {
  

  FrameTransformMatrix {
   1.000000,0.000000,0.000000,0.000000,0.000000,1.000000,0.000000,0.000000,0.000000,0.000000,1.000000,0.000000,1.499963,-0.005849,0.551299,1.000000;;
  }
 }

 Frame ui_rs_orc_Bone41 {
  

  FrameTransformMatrix {
   1.000000,0.000000,0.000000,0.000000,0.000000,1.000000,0.000000,0.000000,0.000000,0.000000,1.000000,0.000000,1.509570,-0.004394,-0.557060,1.000000;;
  }
 }

 Frame ui_rs_orc_Bone42 {
  

  FrameTransformMatrix {
   1.000000,0.000000,0.000000,0.000000,0.000000,1.000000,0.000000,0.000000,0.000000,0.000000,1.000000,0.000000,1.499963,-0.005849,0.551299,1.000000;;
  }
 }

 Frame ui_rs_orc_Bone43 {
  

  FrameTransformMatrix {
   1.000000,0.000000,0.000000,0.000000,0.000000,1.000000,0.000000,0.000000,0.000000,0.000000,1.000000,0.000000,1.509570,-0.004394,-0.557060,1.000000;;
  }
 }

 Frame ui_rs_orc_Bone44 {
  

  FrameTransformMatrix {
   1.000000,0.000000,0.000000,0.000000,0.000000,1.000000,0.000000,0.000000,0.000000,0.000000,1.000000,0.000000,0.000000,0.000000,0.000000,1.000000;;
  }
 }

 Frame ui_rs_orc_Bone45 {
  

  FrameTransformMatrix {
   1.000000,0.000000,0.000000,0.000000,0.000000,1.000000,0.000000,0.000000,0.000000,0.000000,1.000000,0.000000,1.537767,-0.005849,-0.488265,1.000000;;
  }
 }

 Frame ui_rs_orc_Bone46 {
  

  FrameTransformMatrix {
   1.000000,0.000000,0.000000,0.000000,0.000000,1.000000,0.000000,0.000000,0.000000,0.000000,1.000000,0.000000,1.509570,-0.004394,-0.557060,1.000000;;
  }
 }

 Frame ui_rs_orc_Bone47 {
  

  FrameTransformMatrix {
   1.000000,0.000000,0.000000,0.000000,0.000000,1.000000,0.000000,0.000000,0.000000,0.000000,1.000000,0.000000,0.000000,0.000000,0.000000,1.000000;;
  }
 }

 Frame ui_rs_orc_Bone48 {
  

  FrameTransformMatrix {
   1.000000,0.000000,0.000000,0.000000,0.000000,1.000000,0.000000,0.000000,0.000000,0.000000,1.000000,0.000000,0.104264,0.000000,-0.755136,1.000000;;
  }
 }

 Frame ui_rs_orc_Bone49 {
  

  FrameTransformMatrix {
   1.000000,0.000000,0.000000,0.000000,0.000000,1.000000,0.000000,0.000000,0.000000,0.000000,1.000000,0.000000,-0.775821,0.000000,0.675403,1.000000;;
  }
 }
}

Frame ui_rs_orc_0 {
 

 FrameTransformMatrix {
  1.000000,0.000000,0.000000,0.000000,0.000000,1.000000,0.000000,0.000000,0.000000,0.000000,1.000000,0.000000,0.000000,0.000000,0.000000,1.000000;;
 }

 Mesh ui_rs_orc_0 {
  433;
  -0.080460;2.054484;-0.285017;,
  -0.079888;2.015226;-0.206474;,
  -0.010829;2.047153;-0.186964;,
  -0.011935;2.084684;-0.279135;,
  -0.012099;2.076067;-0.335999;,
  -0.011935;2.084684;-0.279135;,
  0.057470;2.056729;-0.285757;,
  0.069759;2.039680;-0.342409;,
  0.089730;1.981391;-0.290660;,
  0.082412;2.000929;-0.396896;,
  0.099352;1.900046;-0.378959;,
  0.059019;2.017487;-0.207219;,
  -0.011100;1.978771;-0.445050;,
  0.059646;1.944719;-0.436093;,
  -0.010252;1.922184;-0.458627;,
  -0.011899;2.045747;-0.390697;,
  0.069759;2.039680;-0.342409;,
  -0.080601;1.942436;-0.435341;,
  -0.104762;1.997882;-0.395892;,
  -0.092793;2.037035;-0.341538;,
  -0.110301;1.978135;-0.289587;,
  -0.118217;1.896504;-0.377793;,
  -0.119370;1.862591;-0.309627;,
  -0.092102;1.899656;-0.424397;,
  -0.072194;1.885061;-0.428470;,
  -0.105656;1.873083;-0.432445;,
  -0.090549;1.922178;-0.447659;,
  -0.118217;1.896504;-0.377793;,
  -0.038126;1.906312;-0.465294;,
  0.018051;1.907226;-0.465595;,
  -0.009817;1.896937;-0.454198;,
  -0.036756;1.889127;-0.445847;,
  -0.078039;1.913457;-0.435516;,
  0.070115;1.924794;-0.448521;,
  0.017450;1.890010;-0.446138;,
  -0.009572;1.879002;-0.462986;,
  -0.046277;1.863346;-0.450410;,
  0.053185;1.887102;-0.429142;,
  0.027755;1.864552;-0.450807;,
  0.048051;1.906536;-0.442869;,
  0.029803;1.885468;-0.441897;,
  0.029071;1.905427;-0.449252;,
  0.048319;1.887519;-0.436725;,
  -0.048906;1.904158;-0.448834;,
  -0.048909;1.884187;-0.441475;,
  -0.067842;1.904649;-0.442247;,
  -0.067426;1.885635;-0.436104;,
  0.058028;1.915672;-0.436245;,
  0.072651;1.902338;-0.425280;,
  0.086975;1.876219;-0.433478;,
  0.102867;1.849068;-0.393075;,
  0.102339;1.866200;-0.310816;,
  0.040355;1.754942;-0.470459;,
  -0.007521;1.747241;-0.480470;,
  -0.008458;1.803097;-0.485582;,
  0.040445;1.800804;-0.467385;,
  -0.009582;1.870812;-0.489660;,
  0.022798;1.862461;-0.477506;,
  -0.041541;1.861413;-0.477161;,
  -0.009097;1.841474;-0.488225;,
  -0.041181;1.841899;-0.469314;,
  -0.008890;1.832349;-0.477295;,
  0.023158;1.842946;-0.469659;,
  -0.057062;1.799217;-0.466862;,
  -0.055512;1.753382;-0.469944;,
  -0.120222;1.845436;-0.391879;,
  -0.004421;1.998630;-0.156956;,
  -0.096858;1.923434;-0.178768;,
  0.085013;1.921785;-0.185654;,
  0.114803;1.827410;-0.252440;,
  -0.133096;1.829657;-0.243053;,
  -0.119409;1.971367;-0.101576;,
  -0.004421;1.998630;-0.156956;,
  -0.096858;1.923434;-0.178768;,
  -0.182521;1.777038;-0.177190;,
  -0.133096;1.829657;-0.243053;,
  -0.335567;1.900654;-0.013315;,
  -0.343502;1.638234;0.145310;,
  -0.322952;1.702955;0.246393;,
  -0.324205;1.530200;0.144260;,
  -0.453924;1.862749;0.017985;,
  -0.420071;1.809767;0.216885;,
  -0.335567;1.900654;-0.013315;,
  -0.554719;1.788246;0.070764;,
  -0.593790;1.680799;0.124517;,
  -0.323647;1.861555;0.185758;,
  -0.411953;1.680919;0.274453;,
  -0.590122;1.610438;0.155194;,
  -0.119409;1.971367;-0.101576;,
  -0.335567;1.900654;-0.013315;,
  -0.323647;1.861555;0.185758;,
  -0.237207;1.671414;0.328253;,
  -0.322952;1.702955;0.246393;,
  -0.343502;1.638234;0.145310;,
  -0.421965;1.612382;0.337925;,
  -0.629397;1.520587;0.204891;,
  -0.482969;1.492286;-0.011422;,
  -0.484850;1.654824;-0.101853;,
  -0.554719;1.788246;0.070764;,
  -0.453924;1.862749;0.017985;,
  -0.495729;1.370542;0.059476;,
  -0.324205;1.530200;0.144260;,
  -0.495729;1.370542;0.059476;,
  -0.349294;1.739709;-0.104979;,
  -0.335567;1.900654;-0.013315;,
  -0.235380;1.552575;-0.156973;,
  -0.353645;1.554403;-0.028199;,
  -0.353645;1.554403;-0.028199;,
  -0.349294;1.739709;-0.104979;,
  -0.335567;1.900654;-0.013315;,
  -0.343502;1.638234;0.145310;,
  -0.011955;1.650540;-0.247279;,
  -0.011723;1.507414;-0.219887;,
  0.216397;1.544754;-0.168450;,
  0.159254;1.766472;-0.190646;,
  0.114803;1.827410;-0.252440;,
  0.085013;1.921785;-0.185654;,
  0.121845;1.964372;-0.117422;,
  0.011823;2.006946;-0.040582;,
  0.121845;1.964372;-0.117422;,
  -0.004421;1.998630;-0.156956;,
  -0.119409;1.971367;-0.101576;,
  0.005763;1.934630;0.130397;,
  0.351291;1.725309;-0.150675;,
  0.350323;1.540519;-0.071504;,
  0.351894;1.886943;-0.087351;,
  0.365834;1.700018;0.178111;,
  0.365338;1.855972;0.109083;,
  0.313397;1.676735;0.296174;,
  0.369270;1.630519;0.082035;,
  0.121845;1.964372;-0.117422;,
  0.351894;1.886943;-0.087351;,
  0.492909;1.351194;-0.024966;,
  0.489744;1.470707;-0.100580;,
  0.629973;1.498746;0.119836;,
  0.328153;1.523459;0.047696;,
  0.350323;1.540519;-0.071504;,
  0.369270;1.630519;0.082035;,
  0.597758;1.588752;0.065555;,
  0.351291;1.725309;-0.150675;,
  0.504246;1.629348;-0.196615;,
  0.606589;1.657584;0.032547;,
  0.419972;1.673728;0.175580;,
  0.423756;1.607173;0.241780;,
  0.575746;1.764981;-0.026405;,
  0.481364;1.843069;-0.085484;,
  0.351894;1.886943;-0.087351;,
  0.351894;1.886943;-0.087351;,
  0.437589;1.799642;0.113796;,
  0.481364;1.843069;-0.085484;,
  0.365338;1.855972;0.109083;,
  0.365834;1.700018;0.178111;,
  0.575746;1.764981;-0.026405;,
  0.328153;1.523459;0.047696;,
  0.369270;1.630519;0.082035;,
  -0.010246;1.725755;-0.311554;,
  0.057124;1.747757;-0.479805;,
  0.060689;1.731556;-0.416681;,
  0.046449;1.716571;-0.445605;,
  0.036985;1.739782;-0.415810;,
  0.055575;1.758697;-0.460865;,
  0.070283;1.806519;-0.500702;,
  0.068875;1.755197;-0.461291;,
  -0.060088;1.714837;-0.445034;,
  -0.074497;1.729356;-0.415957;,
  -0.072138;1.745653;-0.479112;,
  -0.051065;1.738348;-0.415338;,
  -0.070743;1.756641;-0.460187;,
  -0.083926;1.752710;-0.460472;,
  -0.087426;1.803952;-0.499856;,
  0.114803;1.827410;-0.252440;,
  -0.010246;1.725755;-0.311554;,
  0.113689;1.749188;-0.332579;,
  -0.055512;1.753382;-0.469944;,
  -0.007521;1.747241;-0.480470;,
  -0.007100;1.756541;-0.373679;,
  0.040355;1.754942;-0.470459;,
  -0.006955;1.716962;-0.466730;,
  -0.062614;1.721107;-0.452255;,
  0.048693;1.722919;-0.452852;,
  -0.127138;1.745268;-0.331288;,
  -0.010246;1.725755;-0.311554;,
  -0.133096;1.829657;-0.243053;,
  -0.010246;1.725755;-0.311554;,
  -0.061246;1.672709;-0.397013;,
  0.049090;1.677428;-0.463907;,
  0.049493;1.674511;-0.397607;,
  -0.005615;1.656294;-0.401024;,
  -0.061649;1.675625;-0.463314;,
  -0.006570;1.688827;-0.480351;,
  -0.062614;1.721107;-0.452255;,
  0.048693;1.722919;-0.452852;,
  -0.006955;1.716962;-0.466730;,
  -0.007337;1.737434;-0.475877;,
  -0.060892;1.737762;-0.453756;,
  0.046413;1.739509;-0.454331;,
  0.369270;1.630519;0.082035;,
  0.244108;1.481882;0.239665;,
  0.001643;1.445495;-0.141883;,
  0.211505;1.460489;-0.015758;,
  0.186297;1.531270;0.314630;,
  -0.004403;1.721071;0.318728;,
  -0.194011;1.535144;0.302552;,
  -0.247059;1.486885;0.224066;,
  -0.343502;1.638234;0.145310;,
  -0.209009;1.465829;-0.020626;,
  0.034256;1.315089;-0.028924;,
  0.048860;1.198903;-0.015757;,
  -0.153702;1.326916;0.015236;,
  0.034256;1.315089;-0.028924;,
  0.197315;1.328389;0.074141;,
  0.208172;1.202705;0.102058;,
  -0.064926;1.258533;0.441066;,
  0.129273;1.391798;0.357393;,
  -0.032209;1.390632;0.363496;,
  0.139704;1.244139;0.446482;,
  -0.182903;1.390488;0.305006;,
  -0.248092;1.239896;0.350443;,
  -0.032209;1.390632;0.363496;,
  -0.064926;1.258533;0.441066;,
  -0.147059;1.198819;0.014084;,
  0.217819;1.377670;0.262949;,
  0.197315;1.328389;0.074141;,
  0.129273;1.391798;0.357393;,
  -0.032209;1.390632;0.363496;,
  -0.182903;1.390488;0.305006;,
  -0.235578;1.375768;0.186863;,
  -0.153702;1.326916;0.015236;,
  0.068870;1.743370;-0.415232;,
  0.049649;1.758706;-0.372773;,
  -0.007100;1.756541;-0.373679;,
  0.068207;1.755680;-0.423795;,
  0.073262;1.824347;-0.389907;,
  0.068207;1.755680;-0.423795;,
  0.040355;1.754942;-0.470459;,
  0.068870;1.743370;-0.415232;,
  0.068207;1.755680;-0.423795;,
  0.049649;1.758706;-0.372773;,
  0.068207;1.755680;-0.423795;,
  0.068870;1.743370;-0.415232;,
  0.068870;1.743370;-0.415232;,
  0.217819;1.377670;0.262949;,
  0.293218;1.236331;0.322065;,
  -0.235578;1.375768;0.186863;,
  -0.321842;1.222825;0.193779;,
  -0.063876;1.756858;-0.372165;,
  -0.083043;1.740897;-0.414418;,
  -0.082872;1.753220;-0.422985;,
  -0.063876;1.756858;-0.372165;,
  -0.082872;1.753220;-0.422985;,
  -0.082872;1.753220;-0.422985;,
  -0.089796;1.821693;-0.389032;,
  -0.082872;1.753220;-0.422985;,
  -0.083043;1.740897;-0.414418;,
  -0.083043;1.740897;-0.414418;,
  -0.083043;1.740897;-0.414418;,
  -0.374000;1.347556;0.230908;,
  -0.441151;1.495997;0.360093;,
  -0.374000;1.347556;0.230908;,
  -0.471941;1.364583;0.389438;,
  -0.611897;1.433667;0.245309;,
  -0.504960;1.348450;0.149195;,
  -0.781591;1.082812;0.153613;,
  -0.563388;0.971314;0.326117;,
  -0.557693;1.022811;0.296443;,
  -0.423035;1.031829;0.153216;,
  -0.444513;1.075195;0.162260;,
  -0.535745;1.180434;0.385184;,
  -0.733302;1.120507;0.163739;,
  -0.575504;1.124023;0.052202;,
  -0.589104;1.076112;-0.007705;,
  -0.423035;1.031829;0.153216;,
  -0.513427;1.257336;0.450610;,
  -0.373973;1.207606;0.190260;,
  -0.311344;1.249966;0.201186;,
  -0.444513;1.075195;0.162260;,
  -0.545507;1.274791;0.064236;,
  -0.715558;1.317659;0.211334;,
  -0.311344;1.249966;0.201186;,
  -0.373973;1.207606;0.190260;,
  -0.374000;1.347556;0.230908;,
  -0.528858;1.353464;0.035005;,
  -0.730070;1.388613;0.230371;,
  -0.471941;1.364583;0.389438;,
  -0.611897;1.433667;0.245309;,
  -0.374000;1.347556;0.230908;,
  0.362267;1.346007;0.142996;,
  0.523426;1.337891;-0.049593;,
  0.497317;1.333718;0.065441;,
  0.606865;1.409272;0.162040;,
  0.420302;1.065422;0.076374;,
  0.511210;1.166607;0.301299;,
  0.356522;1.201698;0.101940;,
  0.569251;1.057395;-0.089593;,
  0.717279;1.000620;0.061977;,
  0.573675;1.017215;-0.033591;,
  0.757391;1.054237;0.076880;,
  0.459011;1.356897;0.303311;,
  0.362267;1.346007;0.142996;,
  0.296079;1.247532;0.110996;,
  0.296079;1.247532;0.110996;,
  0.534869;1.258570;-0.019621;,
  0.356522;1.201698;0.101940;,
  0.720941;1.362833;0.151044;,
  0.420302;1.065422;0.076374;,
  0.556731;1.106305;-0.030261;,
  0.396692;1.023270;0.066914;,
  0.451799;0.999134;0.063958;,
  0.526725;1.007539;0.213788;,
  0.396692;1.023270;0.066914;,
  0.711022;1.094612;0.085543;,
  0.491456;1.244978;0.365800;,
  0.362267;1.346007;0.142996;,
  0.528740;0.955963;0.243801;,
  0.534592;0.926884;0.169415;,
  0.441578;1.491875;0.269628;,
  0.703016;1.292696;0.131888;,
  0.451799;0.999134;0.063958;,
  0.459011;1.356897;0.303311;,
  0.362267;1.346007;0.142996;,
  -0.742222;1.030722;0.130098;,
  -0.479742;1.007894;0.155905;,
  -0.589996;1.036411;0.048308;,
  -0.568821;0.942889;0.251447;,
  -0.479742;1.007894;0.155905;,
  -0.283012;0.737974;0.153195;,
  -0.256775;0.759145;0.059687;,
  -0.426347;0.802555;-0.047149;,
  -0.348320;0.458355;-0.273194;,
  -0.121408;0.405148;-0.039549;,
  -0.336087;0.430876;-0.178638;,
  -0.588785;0.532183;0.016500;,
  -0.310786;0.486778;0.234774;,
  -0.289189;0.533590;0.302945;,
  -0.077415;0.520005;0.179555;,
  -0.299232;0.686207;0.189835;,
  -0.157238;0.625322;0.102410;,
  -0.136805;0.716779;-0.110108;,
  -0.297344;0.730796;-0.246342;,
  -0.329741;0.629581;-0.196901;,
  -0.490757;0.669284;-0.011413;,
  -0.135159;0.600625;-0.102102;,
  -0.057676;0.456086;-0.077331;,
  -0.135159;0.600625;-0.102102;,
  -0.136805;0.716779;-0.110108;,
  -0.522409;0.478190;0.019483;,
  -0.057676;0.456086;-0.077331;,
  -0.121408;0.405148;-0.039549;,
  -0.353483;0.236565;-0.124093;,
  -0.145414;0.224761;0.001568;,
  -0.145414;0.224761;0.001568;,
  -0.148643;0.007955;-0.036474;,
  -0.177523;0.007990;-0.284261;,
  -0.638136;0.007949;-0.175982;,
  -0.601378;0.007978;-0.358095;,
  -0.309069;0.008009;-0.460396;,
  -0.516198;0.222471;0.069136;,
  -0.334275;0.123525;-0.426660;,
  -0.257329;0.186159;-0.274722;,
  -0.177523;0.007990;-0.284261;,
  -0.177523;0.007990;-0.284261;,
  -0.309069;0.008009;-0.460396;,
  -0.177523;0.007990;-0.284261;,
  -0.598901;0.111039;-0.329762;,
  -0.568051;0.177513;-0.181165;,
  -0.291136;0.224034;0.234731;,
  -0.601378;0.007978;-0.358095;,
  -0.638136;0.007949;-0.175982;,
  -0.523655;0.001337;0.132279;,
  -0.148643;0.007955;-0.036474;,
  -0.145414;0.224761;0.001568;,
  -0.142249;0.007919;0.217815;,
  -0.415551;0.007892;0.295107;,
  -0.523655;0.001337;0.132279;,
  -0.638136;0.007949;-0.175982;,
  0.231260;0.747303;0.309818;,
  0.143715;0.653670;0.138530;,
  0.238223;0.751234;0.408661;,
  0.244515;0.712328;0.460930;,
  0.019871;0.549733;0.455514;,
  0.205355;0.598961;0.608583;,
  0.118233;0.628402;0.368618;,
  0.133359;0.545513;0.179348;,
  0.143715;0.653670;0.138530;,
  0.330906;0.623208;0.042107;,
  0.468998;0.638338;0.313955;,
  0.133359;0.545513;0.179348;,
  0.343474;0.546257;0.119860;,
  0.044941;0.414146;0.228681;,
  0.366690;0.360322;0.100531;,
  0.097674;0.376478;0.291004;,
  0.552571;0.515421;0.398171;,
  0.097674;0.376478;0.291004;,
  0.236725;0.534473;0.562082;,
  0.335585;0.361360;0.194750;,
  0.419522;0.756025;0.231412;,
  0.044941;0.414146;0.228681;,
  0.483990;0.464444;0.403451;,
  0.454357;0.226766;0.523402;,
  0.058122;0.007893;0.596724;,
  0.310875;0.007871;0.726276;,
  0.202176;0.253955;0.637037;,
  0.332158;0.213711;0.304310;,
  0.103901;0.221944;0.385008;,
  0.103901;0.221944;0.385008;,
  0.114421;0.007931;0.348663;,
  0.448901;0.001319;0.587900;,
  0.103901;0.221944;0.385008;,
  0.267854;0.186138;0.136455;,
  0.373191;0.123506;0.002626;,
  0.355117;0.007990;-0.035411;,
  0.191488;0.007968;0.111400;,
  0.191488;0.007968;0.111400;,
  0.621586;0.007964;0.122402;,
  0.621794;0.007934;0.308188;,
  0.355117;0.007990;-0.035411;,
  0.613581;0.111024;0.149694;,
  0.621586;0.007964;0.122402;,
  0.191488;0.007968;0.111400;,
  0.621794;0.007934;0.308188;,
  0.621794;0.007934;0.308188;,
  0.554096;0.177498;0.289318;,
  0.114421;0.007931;0.348663;,
  0.191488;0.007968;0.111400;,
  0.448901;0.001319;0.587900;,
  0.017429;1.872655;-0.448850;,
  0.070365;1.909802;-0.438233;,
  0.070688;1.877457;-0.428795;,
  -0.036200;1.871783;-0.448563;,
  -0.090200;1.907189;-0.437372;,
  -0.037053;1.898955;-0.453115;,
  -0.089369;1.874852;-0.427937;,
  0.017348;1.899840;-0.453406;;
  548;
  3;0,1,2;,
  3;0,2,3;,
  3;4,0,3;,
  3;5,6,4;,
  3;4,6,7;,
  3;6,8,7;,
  3;7,8,9;,
  3;8,10,9;,
  3;6,11,8;,
  3;2,11,6;,
  3;3,2,6;,
  3;12,13,14;,
  3;12,9,13;,
  3;12,15,9;,
  3;7,9,15;,
  3;4,16,15;,
  3;14,17,12;,
  3;17,18,12;,
  3;18,15,12;,
  3;15,18,19;,
  3;15,19,4;,
  3;4,19,0;,
  3;19,20,0;,
  3;18,20,19;,
  3;18,21,20;,
  3;21,18,17;,
  3;21,22,20;,
  3;20,1,0;,
  3;23,24,25;,
  3;21,23,25;,
  3;23,21,26;,
  3;26,27,17;,
  3;17,28,26;,
  3;17,14,28;,
  3;13,29,14;,
  3;14,29,30;,
  3;14,30,28;,
  3;30,31,28;,
  3;28,31,26;,
  3;26,31,32;,
  3;32,23,26;,
  3;24,23,32;,
  3;24,32,31;,
  3;13,9,10;,
  3;13,10,33;,
  3;13,33,29;,
  3;33,34,29;,
  3;29,34,30;,
  3;30,34,35;,
  3;35,31,30;,
  3;35,36,31;,
  3;31,36,24;,
  3;36,25,24;,
  3;37,38,34;,
  3;39,40,41;,
  3;42,40,39;,
  3;43,44,45;,
  3;45,44,46;,
  3;34,47,37;,
  3;33,47,34;,
  3;33,48,47;,
  3;33,10,48;,
  3;49,48,10;,
  3;37,49,38;,
  3;49,37,48;,
  3;47,48,37;,
  3;49,10,50;,
  3;10,51,50;,
  3;8,51,10;,
  3;52,53,54;,
  3;55,52,54;,
  3;56,35,57;,
  3;58,35,56;,
  3;59,58,56;,
  3;58,59,60;,
  3;60,59,61;,
  3;54,60,61;,
  3;61,62,54;,
  3;62,55,54;,
  3;62,38,55;,
  3;34,38,35;,
  3;35,38,57;,
  3;57,38,62;,
  3;62,59,57;,
  3;61,59,62;,
  3;56,57,59;,
  3;58,36,35;,
  3;60,36,58;,
  3;63,36,60;,
  3;54,63,60;,
  3;54,64,63;,
  3;54,53,64;,
  3;65,21,25;,
  3;65,22,21;,
  3;1,66,2;,
  3;67,66,1;,
  3;68,69,8;,
  3;8,11,68;,
  3;11,66,68;,
  3;2,66,11;,
  3;67,1,20;,
  3;20,70,67;,
  3;71,72,73;,
  3;74,73,75;,
  3;73,74,71;,
  3;71,74,76;,
  3;77,78,79;,
  3;80,81,82;,
  3;83,81,80;,
  3;83,84,81;,
  3;78,85,86;,
  3;85,82,81;,
  3;86,85,81;,
  3;84,86,81;,
  3;87,86,84;,
  3;88,89,90;,
  3;91,90,92;,
  3;92,93,91;,
  3;86,94,78;,
  3;95,94,86;,
  3;95,86,87;,
  3;96,95,87;,
  3;84,96,87;,
  3;97,96,84;,
  3;84,98,97;,
  3;99,97,98;,
  3;95,96,100;,
  3;96,101,102;,
  3;103,104,74;,
  3;105,106,103;,
  3;97,107,96;,
  3;97,108,107;,
  3;108,97,99;,
  3;108,99,109;,
  3;96,107,101;,
  3;110,101,107;,
  3;103,74,111;,
  3;75,111,74;,
  3;105,103,111;,
  3;112,105,111;,
  3;111,113,112;,
  3;114,111,115;,
  3;116,72,117;,
  3;114,116,117;,
  3;116,114,115;,
  3;118,119,120;,
  3;120,121,118;,
  3;122,118,90;,
  3;88,90,118;,
  3;111,114,123;,
  3;123,124,113;,
  3;111,123,113;,
  3;114,125,123;,
  3;114,117,125;,
  3;126,127,128;,
  3;129,126,128;,
  3;127,130,118;,
  3;131,130,127;,
  3;127,118,122;,
  3;132,133,134;,
  3;132,135,133;,
  3;136,133,135;,
  3;135,137,136;,
  3;138,134,133;,
  3;136,139,140;,
  3;133,136,140;,
  3;141,133,140;,
  3;138,133,141;,
  3;141,142,138;,
  3;138,142,134;,
  3;142,143,134;,
  3;140,144,141;,
  3;144,140,145;,
  3;145,140,139;,
  3;146,145,139;,
  3;147,148,149;,
  3;148,147,150;,
  3;148,150,142;,
  3;142,150,151;,
  3;151,143,142;,
  3;149,148,152;,
  3;148,141,152;,
  3;148,142,141;,
  3;153,151,154;,
  3;115,111,155;,
  3;156,157,158;,
  3;156,158,159;,
  3;156,159,160;,
  3;161,162,156;,
  3;162,157,156;,
  3;162,159,157;,
  3;160,159,162;,
  3;161,160,162;,
  3;161,156,160;,
  3;163,164,165;,
  3;166,163,165;,
  3;167,166,165;,
  3;165,168,169;,
  3;165,164,168;,
  3;164,166,168;,
  3;168,166,167;,
  3;168,167,169;,
  3;167,165,169;,
  3;170,171,172;,
  3;173,174,175;,
  3;175,174,176;,
  3;177,178,175;,
  3;175,179,177;,
  3;155,111,75;,
  3;180,181,182;,
  3;183,180,184;,
  3;185,172,186;,
  3;186,172,183;,
  3;187,186,183;,
  3;183,184,187;,
  3;188,187,184;,
  3;184,180,188;,
  3;189,188,190;,
  3;188,189,187;,
  3;187,189,185;,
  3;186,187,185;,
  3;191,185,189;,
  3;192,191,189;,
  3;189,190,192;,
  3;193,192,190;,
  3;193,190,194;,
  3;195,191,193;,
  3;191,192,193;,
  3;124,196,197;,
  3;198,105,112;,
  3;112,113,198;,
  3;198,113,199;,
  3;199,113,124;,
  3;197,199,124;,
  3;197,196,128;,
  3;197,128,200;,
  3;200,128,201;,
  3;128,127,201;,
  3;122,201,127;,
  3;90,201,122;,
  3;201,90,91;,
  3;201,91,202;,
  3;202,91,203;,
  3;91,204,203;,
  3;203,204,106;,
  3;106,205,203;,
  3;106,105,205;,
  3;205,105,198;,
  3;198,206,205;,
  3;207,208,209;,
  3;207,209,210;,
  3;207,210,211;,
  3;212,213,214;,
  3;215,213,212;,
  3;216,217,212;,
  3;218,216,219;,
  3;207,220,208;,
  3;197,221,222;,
  3;197,222,199;,
  3;222,206,199;,
  3;223,221,197;,
  3;197,200,223;,
  3;200,201,224;,
  3;223,200,224;,
